0 
323 246 37 32 
378 313 59 89 
120 162 73 58 
430 263 37 35 
537 309 62 85 
366 236 33 31 
223 342 59 106 
363 187 20 14 
111 132 93 118 
424 249 47 62 
286 210 52 25 
337 194 20 14 
402 229 30 28 
122 398 114 52 
1 
323 246 37 33 
378 313 59 89 
119 162 74 58 
430 263 37 35 
537 309 63 85 
366 236 33 31 
223 342 59 106 
111 132 93 118 
363 187 20 14 
424 249 46 63 
287 210 51 25 
337 194 20 14 
402 229 30 28 
122 398 114 52 
2 
371 241 30 32 
385 323 56 93 
120 164 72 56 
325 251 35 31 
228 361 60 89 
435 269 36 38 
406 233 30 29 
111 135 91 115 
339 196 21 14 
429 256 47 64 
298 213 31 27 
602 269 53 65 
123 397 112 53 
557 320 61 93 
364 189 22 14 
3 
371 241 30 32 
385 323 56 93 
120 164 72 56 
325 251 35 31 
228 361 60 89 
435 269 36 38 
406 233 30 29 
111 135 91 115 
339 196 21 14 
429 256 47 64 
298 213 31 27 
602 269 53 65 
123 397 112 53 
557 320 61 93 
364 189 22 14 
4 
389 327 58 94 
120 164 71 57 
325 253 38 33 
371 244 33 32 
229 366 63 84 
438 272 34 37 
408 234 31 30 
288 215 53 24 
111 134 90 118 
560 329 66 89 
544 293 96 157 
607 273 59 65 
341 197 21 14 
432 258 46 67 
124 396 110 54 
509 330 170 87 
5 
328 256 34 34 
374 249 32 33 
234 383 65 67 
395 334 58 104 
439 261 47 75 
120 164 69 59 
110 133 90 122 
302 217 32 28 
562 302 94 148 
414 240 31 32 
523 338 178 91 
369 194 20 15 
445 279 36 39 
623 278 60 76 
146 394 63 56 
6 
328 256 34 34 
374 249 32 33 
395 334 58 104 
234 383 65 67 
439 261 47 75 
120 164 69 59 
110 133 90 122 
302 217 32 28 
562 302 94 148 
414 240 31 32 
369 194 21 15 
523 338 178 91 
623 278 60 76 
445 279 37 39 
147 394 62 56 
7 
378 252 35 36 
328 261 37 35 
420 246 31 30 
443 272 48 69 
110 130 90 131 
347 203 21 15 
406 348 58 102 
532 362 185 78 
449 286 37 40 
120 164 69 62 
580 324 97 126 
636 289 68 73 
621 261 97 131 
305 222 32 26 
239 393 66 57 
146 393 63 57 
323 249 44 60 
8 
378 252 35 36 
328 261 37 35 
420 246 31 30 
443 272 48 69 
110 130 90 131 
347 203 21 15 
406 348 58 102 
532 362 185 78 
449 286 37 40 
120 164 69 62 
580 324 97 126 
636 289 68 73 
621 261 97 131 
305 222 32 26 
239 393 66 57 
146 393 63 57 
323 249 44 60 
9 
331 262 34 37 
379 256 37 35 
408 354 58 96 
421 248 34 31 
587 330 98 120 
109 130 92 133 
309 223 31 28 
349 204 20 15 
445 276 48 66 
116 167 72 59 
539 369 187 80 
633 262 94 141 
147 394 62 56 
10 
385 262 35 38 
450 284 49 68 
595 357 125 93 
332 267 36 38 
412 368 65 82 
428 254 32 34 
110 130 89 137 
116 167 72 64 
310 225 34 28 
378 201 19 16 
648 272 97 144 
376 195 24 28 
381 250 43 64 
126 396 106 54 
218 420 125 30 
348 204 27 26 
11 
385 262 35 38 
450 284 49 68 
595 357 125 93 
332 267 36 38 
412 368 65 82 
428 254 32 34 
110 130 89 137 
116 167 72 64 
310 225 34 28 
378 201 19 16 
648 272 97 144 
376 195 24 28 
381 250 43 64 
126 396 107 54 
218 420 125 30 
348 204 27 26 
12 
390 268 35 40 
314 230 31 28 
416 385 69 65 
104 134 96 134 
116 168 72 65 
335 270 35 43 
379 197 25 29 
459 289 48 72 
423 216 30 27 
352 207 28 26 
664 287 106 142 
435 261 35 34 
382 204 20 16 
401 353 102 97 
356 213 21 14 
126 396 107 54 
618 372 127 78 
326 260 45 69 
13 
390 268 35 40 
314 230 31 28 
416 385 69 65 
104 134 96 134 
116 168 72 65 
335 270 35 43 
379 197 25 29 
459 289 48 72 
423 216 30 27 
352 207 28 26 
382 203 20 17 
435 261 35 34 
664 288 106 140 
401 353 102 97 
356 213 21 14 
126 396 107 54 
618 372 127 78 
326 261 45 68 
14 
105 134 94 136 
316 231 31 28 
392 271 36 40 
460 294 50 75 
438 262 37 36 
115 169 73 66 
328 261 45 68 
425 218 31 27 
380 199 24 30 
336 276 38 39 
382 206 20 15 
354 207 27 27 
423 391 67 59 
384 260 43 64 
126 396 107 54 
617 405 148 45 
357 213 21 15 
677 296 104 141 
15 
468 302 53 79 
388 264 49 72 
105 134 94 139 
332 265 45 68 
448 270 33 37 
319 235 34 28 
115 169 73 69 
428 223 32 28 
400 279 35 41 
383 206 26 26 
386 211 22 15 
362 216 20 14 
412 415 120 35 
307 195 18 14 
694 300 106 150 
148 393 61 57 
361 207 24 31 
650 341 150 83 
441 256 47 64 
16 
468 302 53 79 
388 264 49 72 
105 134 94 139 
332 265 45 68 
448 270 33 37 
319 235 34 28 
115 169 73 69 
428 222 32 29 
400 279 35 41 
383 206 26 26 
386 211 22 15 
412 415 120 35 
362 216 20 14 
307 195 18 14 
148 393 61 57 
694 300 106 150 
361 207 24 31 
666 331 134 92 
441 256 47 64 
17 
473 313 54 77 
105 134 94 143 
324 238 31 29 
333 273 45 67 
394 272 48 73 
362 214 26 27 
433 229 34 28 
454 276 35 40 
405 285 35 46 
446 263 49 66 
115 170 73 70 
416 425 123 25 
388 207 26 29 
308 198 18 13 
364 220 22 14 
148 393 61 57 
671 350 129 85 
18 
473 313 54 77 
105 134 94 143 
324 238 31 29 
333 273 45 67 
394 272 48 73 
362 214 26 27 
433 229 34 28 
454 276 35 40 
405 285 35 46 
446 263 49 66 
115 170 73 70 
416 425 123 25 
388 207 26 29 
308 198 18 13 
364 220 22 14 
148 393 61 57 
671 350 129 85 
19 
477 318 53 79 
105 135 95 142 
325 240 32 28 
397 275 49 77 
437 230 32 28 
336 274 44 68 
391 207 24 31 
363 216 27 27 
451 266 49 68 
418 425 129 25 
366 223 21 14 
115 171 73 70 
745 362 55 83 
462 283 33 35 
148 393 61 57 
392 215 20 16 
307 197 19 15 
20 
486 325 54 85 
335 277 49 76 
104 138 95 140 
404 279 49 86 
442 235 33 29 
328 247 35 27 
367 222 29 25 
462 272 48 70 
467 289 38 40 
395 213 25 28 
345 292 36 46 
398 219 21 16 
127 397 105 53 
21 
486 325 54 85 
335 277 49 76 
104 138 95 140 
404 279 49 85 
442 235 33 29 
328 246 35 28 
367 222 29 25 
462 272 48 70 
467 289 38 40 
395 213 25 28 
345 292 36 46 
398 219 21 16 
127 397 105 53 
22 
104 140 95 141 
409 290 53 82 
340 283 49 77 
332 250 35 28 
446 240 34 29 
374 222 24 30 
498 333 55 89 
468 280 52 72 
309 203 21 14 
398 217 27 28 
109 176 83 68 
375 230 21 15 
148 393 61 57 
23 
104 140 95 141 
409 290 53 82 
340 283 49 77 
332 250 35 28 
446 240 34 29 
374 222 24 30 
498 333 55 89 
468 280 52 72 
309 203 21 14 
398 217 27 28 
109 176 83 68 
375 230 21 15 
148 393 61 57 
24 
102 141 98 141 
412 295 54 81 
501 341 57 94 
334 251 36 29 
472 284 53 73 
376 225 25 30 
449 243 34 30 
342 285 48 78 
310 204 21 15 
127 397 105 53 
109 177 83 69 
400 217 27 30 
25 
101 141 101 145 
376 231 30 29 
346 291 51 81 
338 256 35 29 
420 304 53 90 
455 250 37 31 
510 353 58 97 
408 221 24 30 
483 294 53 74 
148 393 60 57 
26 
101 141 101 145 
376 231 30 29 
346 291 51 81 
338 256 35 29 
420 304 53 90 
455 250 37 31 
510 353 58 97 
408 221 24 30 
483 294 53 74 
148 393 60 57 
27 
347 299 53 79 
102 140 100 154 
425 312 57 94 
463 255 35 35 
382 238 32 27 
497 301 56 77 
341 260 37 30 
516 364 66 86 
506 325 88 125 
455 242 49 61 
411 229 27 29 
148 393 60 57 
344 194 18 15 
28 
347 299 53 79 
102 140 100 154 
425 312 57 94 
463 255 35 35 
382 238 32 27 
497 301 56 77 
341 260 37 30 
515 364 67 86 
506 325 88 125 
455 242 49 61 
411 229 27 29 
148 393 60 57 
344 194 18 15 
29 
344 265 37 29 
348 303 52 79 
102 139 100 160 
387 237 26 30 
431 318 55 95 
509 338 101 112 
414 230 27 29 
500 311 61 73 
467 257 35 36 
456 248 51 61 
148 393 60 57 
438 213 26 29 
317 210 21 15 
344 193 21 15 
30 
352 308 55 86 
391 243 28 29 
106 140 97 162 
421 232 24 33 
435 330 63 96 
468 249 51 67 
512 317 62 78 
514 360 111 90 
347 195 21 15 
534 387 70 63 
351 273 38 28 
319 211 21 16 
148 393 60 57 
65 178 174 75 
475 266 37 35 
31 
352 308 55 85 
391 243 28 29 
106 140 97 162 
421 232 24 33 
435 330 63 96 
468 249 51 67 
511 317 63 78 
514 360 111 90 
347 195 21 15 
534 387 70 63 
351 273 38 28 
319 211 21 16 
148 393 60 57 
65 178 174 75 
475 266 37 35 
32 
393 249 34 30 
356 315 55 88 
104 143 102 160 
354 276 39 31 
423 239 31 29 
443 345 65 98 
474 257 51 66 
450 221 26 31 
479 272 41 37 
512 306 97 133 
322 214 22 14 
65 182 175 74 
529 335 65 74 
126 397 106 53 
351 198 19 15 
300 180 17 14 
349 266 49 51 
33 
393 249 34 30 
356 315 55 88 
104 143 102 160 
354 276 39 31 
423 239 31 29 
443 345 65 98 
474 257 51 66 
450 221 26 31 
479 272 41 37 
512 306 97 133 
322 214 22 14 
65 182 175 74 
529 335 65 74 
126 397 106 53 
351 198 19 15 
300 180 17 14 
349 266 49 51 
34 
396 252 35 29 
101 145 108 157 
448 352 60 98 
360 317 55 96 
475 262 53 67 
355 280 42 31 
428 243 31 29 
535 337 66 78 
452 224 28 29 
351 268 49 53 
300 181 18 14 
63 183 179 74 
126 398 106 52 
522 418 139 32 
353 200 19 17 
520 307 95 140 
35 
403 258 32 31 
361 326 60 96 
107 152 99 147 
485 267 53 72 
435 245 28 34 
354 202 20 17 
357 274 48 53 
460 232 28 28 
454 368 68 82 
697 269 94 130 
541 426 118 24 
65 185 178 74 
445 334 87 116 
349 251 32 29 
126 398 106 52 
345 125 64 18 
536 330 107 120 
321 219 21 15 
36 
403 257 32 32 
361 326 60 96 
107 152 100 147 
485 267 53 72 
435 245 28 34 
354 202 20 17 
357 274 48 53 
460 232 28 28 
454 368 68 82 
697 269 94 130 
541 426 118 24 
65 185 178 74 
445 334 87 116 
349 251 32 29 
126 398 106 52 
345 125 64 18 
536 330 107 120 
321 219 21 15 
37 
106 152 102 149 
406 263 37 33 
350 256 33 32 
441 252 31 29 
498 274 53 80 
446 358 109 92 
368 334 58 97 
712 282 88 132 
68 187 178 75 
465 387 69 63 
370 294 37 32 
554 335 102 115 
301 188 20 12 
467 235 31 28 
353 198 25 29 
356 205 21 16 
362 283 51 53 
389 233 30 27 
149 394 58 56 
334 212 19 17 
322 223 22 15 
345 125 64 18 
116 205 19 12 
38 
106 152 102 149 
406 263 37 33 
350 256 33 32 
441 252 31 29 
498 274 53 80 
446 358 109 92 
368 334 58 97 
712 282 88 132 
68 187 177 75 
465 387 69 63 
370 294 37 32 
554 335 102 115 
301 188 20 12 
467 235 31 28 
353 198 25 29 
356 205 21 16 
389 233 30 27 
362 283 51 53 
149 394 58 56 
334 212 19 17 
322 223 22 15 
345 125 64 18 
39 
105 154 105 147 
500 279 58 78 
373 339 57 103 
350 257 36 34 
410 267 39 33 
472 239 30 30 
370 298 42 33 
448 366 113 84 
69 189 178 74 
302 188 20 13 
445 254 31 35 
556 356 126 94 
468 390 69 60 
722 286 78 132 
346 126 64 18 
390 235 31 27 
149 394 58 56 
115 205 20 12 
336 213 20 16 
40 
104 155 110 152 
418 273 34 35 
352 262 39 33 
377 353 60 97 
509 288 58 84 
69 191 182 76 
450 258 33 34 
479 245 32 31 
370 296 54 57 
568 376 132 74 
396 242 30 28 
346 126 66 18 
360 204 26 27 
127 398 104 52 
455 415 125 35 
304 191 19 12 
41 
104 155 110 152 
418 273 34 35 
352 262 39 33 
377 353 60 97 
509 288 58 84 
69 191 182 76 
450 258 33 34 
479 245 32 31 
370 296 54 57 
568 376 132 74 
396 242 30 28 
346 126 66 18 
360 204 26 27 
127 398 104 52 
455 415 125 35 
304 191 19 12 
42 
378 302 52 59 
380 366 66 84 
108 155 105 159 
69 193 187 77 
488 250 33 30 
355 268 38 32 
520 299 61 81 
401 247 30 30 
306 195 19 12 
417 269 46 64 
351 258 46 54 
364 206 25 29 
346 220 19 17 
367 212 20 17 
578 420 168 30 
149 394 58 56 
458 266 36 33 
365 331 93 119 
459 426 139 24 
43 
378 302 52 59 
380 366 66 84 
108 155 105 159 
69 193 187 77 
488 250 33 30 
355 268 38 32 
520 299 61 81 
401 247 30 30 
417 269 46 64 
306 195 19 12 
351 258 46 54 
364 206 25 29 
346 220 19 17 
367 212 20 17 
578 420 168 30 
148 394 59 56 
458 266 35 33 
365 331 93 119 
459 426 139 24 
44 
382 306 53 59 
68 195 191 77 
403 250 31 30 
108 155 106 162 
356 269 38 38 
496 254 29 32 
381 368 67 82 
528 302 61 91 
464 270 35 36 
306 195 19 13 
430 286 37 37 
422 273 47 62 
348 220 18 19 
365 207 25 30 
368 330 93 120 
127 397 103 53 
369 214 19 17 
45 
69 195 192 81 
408 257 34 30 
387 316 56 62 
384 385 72 65 
538 318 69 82 
429 278 49 70 
109 154 109 170 
503 259 33 32 
328 231 25 31 
370 354 102 96 
352 266 49 58 
306 197 22 13 
472 274 36 34 
526 281 94 156 
116 212 23 12 
351 227 19 17 
127 398 103 52 
330 238 20 16 
361 277 37 37 
46 
69 195 192 81 
408 257 34 30 
387 316 56 62 
384 385 72 65 
538 318 69 82 
429 278 49 70 
503 259 33 32 
109 154 109 170 
328 231 25 31 
352 266 49 58 
370 354 102 96 
306 197 22 13 
472 274 36 34 
526 281 94 156 
116 212 23 12 
351 227 19 17 
127 398 103 52 
330 238 20 16 
361 277 37 37 
47 
396 325 60 70 
72 197 187 82 
356 268 49 64 
514 266 31 32 
437 289 53 66 
415 260 35 31 
330 234 26 30 
540 294 98 156 
481 281 35 37 
107 152 117 177 
307 199 22 14 
116 214 23 12 
352 224 25 28 
447 302 39 41 
382 369 102 81 
127 398 103 52 
399 390 67 60 
555 331 68 84 
48 
396 325 60 70 
72 197 187 82 
356 268 49 64 
514 266 31 32 
437 289 53 66 
415 260 35 31 
330 234 26 30 
540 294 98 156 
481 281 35 37 
107 152 117 177 
307 199 22 14 
116 214 23 12 
352 224 25 28 
447 302 39 41 
382 369 102 81 
127 398 103 52 
399 390 67 60 
555 331 68 84 
49 
419 265 32 32 
75 197 184 85 
358 273 49 63 
329 237 27 30 
405 329 55 73 
443 293 50 68 
355 224 24 30 
117 215 23 12 
309 201 20 14 
127 398 103 52 
383 373 107 77 
376 215 24 29 
448 247 34 28 
523 272 34 35 
488 287 34 39 
402 393 67 57 
50 
450 302 54 71 
410 339 59 78 
424 272 38 35 
331 240 28 31 
62 204 217 77 
360 229 26 29 
361 277 48 70 
532 279 37 36 
526 349 182 82 
310 204 22 14 
370 289 37 40 
383 419 120 31 
128 398 102 52 
499 295 36 40 
304 124 64 18 
51 
450 302 54 71 
410 339 58 78 
424 272 38 35 
331 240 28 31 
62 204 217 77 
360 229 27 29 
362 277 47 70 
532 279 37 36 
526 349 183 82 
310 204 22 14 
370 289 37 40 
383 419 120 31 
128 398 102 52 
499 295 36 40 
304 124 64 18 
52 
364 281 52 73 
61 205 221 79 
363 233 28 29 
417 351 69 82 
334 246 29 30 
433 281 36 37 
465 311 55 76 
465 258 33 35 
547 289 36 36 
587 327 94 123 
385 427 136 23 
426 270 47 59 
407 314 90 136 
148 394 58 56 
284 186 18 14 
311 207 21 14 
513 305 35 39 
305 125 64 18 
504 288 52 67 
539 368 185 79 
53 
364 281 52 73 
61 205 221 79 
363 233 28 29 
417 351 69 82 
334 246 29 30 
433 281 36 37 
465 311 55 76 
465 258 33 35 
547 289 36 36 
587 327 94 123 
385 427 136 23 
426 270 47 59 
407 314 90 136 
148 394 58 56 
284 186 18 14 
311 207 21 14 
305 125 64 18 
513 305 35 39 
504 288 52 67 
539 368 186 79 
54 
334 246 30 31 
56 205 230 81 
467 317 56 78 
469 265 37 30 
366 283 50 74 
425 272 49 62 
365 235 29 29 
284 188 18 14 
435 284 41 34 
127 398 103 52 
544 279 52 71 
587 336 104 114 
423 360 68 80 
507 294 53 73 
553 294 38 39 
55 
60 205 230 84 
478 329 58 79 
336 251 32 31 
373 241 29 28 
602 367 125 83 
478 271 35 35 
441 279 45 61 
371 292 51 77 
392 173 18 11 
440 379 70 71 
312 206 25 26 
314 211 21 15 
560 290 52 66 
519 304 52 71 
127 398 103 52 
422 338 95 112 
284 190 20 14 
352 129 71 21 
56 
60 205 230 84 
478 329 58 79 
336 251 32 31 
373 241 29 28 
602 367 125 83 
478 271 35 35 
441 279 45 61 
371 292 51 77 
392 173 18 11 
440 379 70 71 
312 206 25 26 
314 211 21 15 
560 290 52 66 
519 304 52 71 
127 398 103 52 
422 338 95 112 
284 190 20 14 
352 129 71 21 
57 
376 299 53 78 
56 207 243 85 
445 287 51 65 
375 245 34 32 
340 254 29 33 
495 343 59 83 
432 356 104 94 
303 209 48 26 
578 301 51 68 
490 280 37 35 
446 386 73 64 
127 398 104 52 
534 314 50 73 
316 216 22 13 
286 193 19 13 
309 125 62 20 
58 
376 299 53 78 
56 207 243 85 
445 287 51 65 
375 245 34 32 
340 254 29 33 
495 343 59 83 
432 356 104 94 
303 209 48 26 
578 301 51 68 
490 280 37 35 
446 386 73 64 
127 398 104 52 
534 314 50 73 
316 216 22 13 
286 193 19 13 
309 125 62 20 
59 
377 303 53 75 
58 207 241 86 
379 247 34 32 
341 256 28 34 
450 292 51 65 
501 350 59 86 
493 283 37 35 
314 210 27 26 
286 193 20 14 
538 322 56 72 
585 304 55 73 
127 398 104 52 
443 372 101 78 
309 125 62 21 
396 174 18 12 
463 392 63 58 
487 267 48 62 
60 
341 262 31 33 
60 209 240 88 
377 308 56 83 
455 299 63 72 
386 253 31 34 
514 366 66 84 
604 317 57 77 
286 196 20 13 
314 214 29 27 
500 277 48 62 
501 327 91 123 
127 398 104 52 
561 335 52 76 
398 176 17 13 
309 125 62 22 
355 130 71 22 
507 291 37 37 
449 417 118 33 
142 137 70 24 
347 122 86 38 
61 
341 262 31 33 
60 209 240 88 
377 308 56 83 
455 299 63 72 
386 253 31 34 
514 366 66 84 
604 317 57 77 
286 196 20 13 
314 214 29 27 
500 277 49 62 
127 398 104 52 
501 327 91 123 
561 335 52 76 
398 176 17 13 
310 125 61 22 
355 130 71 22 
507 291 38 37 
449 417 118 33 
142 137 70 24 
347 122 86 38 
62 
381 321 56 75 
55 212 263 92 
508 284 53 70 
467 313 60 69 
391 258 35 34 
316 218 28 26 
346 267 28 35 
287 198 20 15 
573 344 56 84 
622 330 62 81 
400 179 18 12 
127 397 103 53 
271 180 19 12 
345 122 88 38 
604 297 97 148 
531 383 65 67 
510 349 108 101 
63 
381 321 56 75 
54 212 264 92 
508 284 53 70 
467 313 60 69 
391 258 35 34 
316 218 28 26 
346 267 28 35 
287 198 20 15 
573 344 56 84 
622 330 62 81 
400 179 18 12 
127 397 103 53 
271 180 19 12 
345 122 88 38 
604 297 97 148 
531 383 65 67 
510 349 108 101 
64 
470 316 65 72 
54 213 269 95 
515 286 53 76 
395 261 34 40 
347 270 28 35 
383 324 55 83 
511 355 114 95 
401 180 19 12 
390 248 44 65 
271 180 19 13 
316 219 29 26 
127 397 103 53 
526 304 37 44 
346 123 87 36 
287 198 21 16 
144 138 67 24 
65 
53 215 278 95 
528 296 56 77 
318 222 30 28 
389 333 58 84 
403 270 35 40 
349 277 29 37 
482 328 69 74 
397 254 44 69 
351 240 32 28 
288 203 21 13 
148 395 59 55 
82 157 225 210 
467 296 98 139 
403 182 21 12 
589 353 196 79 
601 365 58 85 
583 291 56 64 
271 182 19 12 
144 139 67 24 
310 127 63 21 
66 
53 215 278 95 
528 296 56 77 
318 222 30 28 
389 333 58 84 
403 270 35 40 
349 277 29 37 
482 328 69 74 
397 254 44 69 
351 240 32 29 
288 203 21 13 
148 395 59 55 
82 157 225 210 
467 296 98 139 
403 182 21 12 
589 353 196 79 
601 365 58 85 
271 182 19 12 
583 291 56 64 
144 139 67 24 
310 127 63 21 
67 
50 215 287 98 
394 343 59 88 
321 226 30 28 
403 260 47 71 
598 304 60 68 
540 305 57 77 
81 158 230 211 
499 336 63 80 
352 280 31 40 
273 186 18 13 
290 206 20 14 
340 263 46 72 
148 395 59 55 
346 123 89 37 
408 184 17 15 
360 131 70 23 
68 
50 215 287 98 
394 343 59 88 
321 226 30 28 
403 260 47 71 
598 304 60 68 
540 305 57 77 
81 158 230 210 
499 336 63 80 
352 280 31 40 
273 186 18 13 
290 206 20 14 
340 263 46 72 
148 395 59 55 
346 123 89 37 
408 184 17 15 
360 132 70 22 
69 
52 216 286 98 
548 312 61 80 
394 346 63 90 
409 261 46 76 
79 158 237 211 
361 132 70 22 
322 229 29 28 
492 314 98 136 
357 247 31 33 
505 346 71 78 
409 185 18 13 
604 308 64 68 
273 187 18 12 
346 123 91 38 
149 395 58 55 
355 285 31 38 
348 264 49 73 
450 213 33 27 
287 199 26 27 
70 
55 218 286 101 
325 233 29 28 
76 162 250 211 
405 361 57 89 
362 250 33 30 
562 322 60 88 
415 272 47 75 
412 188 19 12 
359 132 75 23 
344 123 95 39 
609 291 94 137 
622 323 66 72 
273 188 19 12 
349 279 48 68 
148 394 59 56 
456 216 32 28 
291 212 21 12 
357 289 32 42 
319 203 22 15 
277 207 47 23 
525 365 67 71 
509 331 99 119 
308 130 70 18 
71 
55 218 286 101 
325 233 29 28 
76 162 250 211 
405 361 57 89 
362 250 33 30 
415 272 47 75 
562 322 60 88 
412 188 19 12 
359 132 75 23 
344 123 95 39 
609 291 94 137 
622 323 67 72 
272 188 20 12 
349 279 48 68 
148 394 59 56 
456 216 32 28 
291 212 21 12 
357 289 32 42 
319 203 22 15 
277 207 47 23 
525 365 67 71 
509 331 99 119 
308 130 69 18 
72 
79 164 249 213 
424 280 49 77 
56 218 291 106 
325 238 34 28 
409 257 32 32 
365 256 34 32 
350 282 47 71 
408 371 61 79 
521 340 101 110 
290 207 27 27 
359 298 31 38 
148 394 59 56 
629 300 102 150 
294 213 19 15 
462 220 34 29 
308 130 70 19 
272 190 19 13 
343 123 98 38 
587 333 57 90 
565 302 94 148 
73 
79 164 249 213 
424 280 49 77 
56 218 291 106 
325 238 34 28 
409 257 32 32 
365 256 34 32 
350 282 47 71 
408 371 61 79 
521 340 101 110 
290 207 27 27 
359 297 31 39 
148 394 59 56 
629 300 102 150 
294 213 19 15 
462 220 34 29 
308 130 70 19 
272 190 19 13 
343 123 98 38 
588 333 56 90 
565 302 94 148 
74 
81 164 250 215 
428 285 51 79 
326 239 33 30 
53 217 299 109 
592 341 59 94 
351 286 48 74 
409 384 68 66 
521 355 113 95 
290 207 28 28 
641 310 103 140 
409 257 37 35 
374 256 25 34 
149 395 58 55 
466 222 32 29 
310 130 68 20 
361 304 32 40 
344 123 99 39 
272 191 19 13 
75 
435 293 57 84 
88 158 245 233 
328 245 34 30 
379 263 28 38 
420 267 32 33 
416 391 63 59 
351 294 48 73 
470 226 36 28 
422 195 19 14 
311 130 66 21 
537 366 124 84 
323 212 21 15 
149 395 58 55 
626 367 174 76 
58 217 299 114 
611 361 61 84 
365 311 30 41 
321 206 25 28 
412 139 66 61 
754 370 46 80 
659 328 121 122 
76 
436 293 56 84 
88 158 245 233 
328 245 34 30 
379 263 28 38 
420 267 32 33 
416 391 63 59 
351 294 48 73 
470 226 36 28 
422 195 19 14 
311 130 66 21 
537 366 124 84 
323 212 21 16 
149 395 58 55 
626 367 174 76 
59 217 298 114 
611 361 61 84 
365 311 30 41 
321 206 25 28 
412 139 66 61 
754 370 46 80 
659 328 121 122 
77 
332 247 34 32 
65 181 303 197 
446 306 59 84 
355 305 51 71 
422 272 35 38 
383 269 31 42 
425 197 19 13 
478 232 36 29 
671 351 129 99 
416 259 47 62 
393 402 127 48 
608 339 101 111 
298 219 21 16 
311 131 68 21 
355 120 98 48 
149 395 58 55 
296 214 25 27 
342 126 61 15 
414 141 67 58 
402 117 95 107 
78 
332 247 34 32 
65 181 303 197 
446 306 59 84 
355 305 51 71 
422 272 35 38 
383 269 31 42 
425 197 19 13 
478 232 36 29 
671 351 129 99 
416 259 47 62 
393 402 127 48 
608 339 101 111 
298 219 21 16 
311 131 68 21 
355 120 98 48 
126 397 105 53 
296 214 25 27 
342 126 61 15 
414 141 67 58 
402 117 95 107 
79 
67 182 302 199 
449 308 62 87 
335 250 33 33 
691 361 109 89 
297 214 24 29 
418 263 46 65 
358 306 48 75 
357 121 95 48 
298 221 21 16 
312 132 67 20 
149 395 58 55 
385 275 32 41 
426 199 20 13 
649 383 58 67 
404 117 94 106 
342 126 62 16 
416 141 67 59 
394 407 129 43 
426 274 34 42 
80 
64 181 313 207 
339 255 32 33 
425 264 46 73 
298 217 25 28 
328 214 28 29 
409 424 121 26 
463 321 64 92 
361 317 50 77 
392 279 31 43 
358 123 95 47 
382 265 45 74 
315 132 63 21 
422 323 155 88 
126 397 106 53 
407 231 29 27 
430 202 22 14 
599 312 106 115 
392 149 116 51 
343 127 61 16 
433 281 37 40 
316 215 52 25 
81 
64 181 313 207 
339 255 32 33 
425 264 46 73 
298 217 25 28 
328 214 28 29 
409 424 121 26 
463 321 64 92 
361 317 50 77 
392 279 31 43 
358 123 95 47 
382 265 45 74 
315 132 63 22 
422 323 154 88 
126 397 106 53 
407 231 29 27 
430 202 22 14 
599 312 106 115 
392 149 116 51 
343 127 61 16 
433 281 37 40 
316 215 52 25 
82 
67 178 313 222 
341 260 34 36 
434 272 47 75 
330 216 28 29 
300 222 26 28 
316 133 65 21 
357 124 96 47 
413 234 29 29 
616 323 106 127 
397 285 31 46 
434 204 21 15 
380 278 47 70 
415 342 188 81 
126 396 105 54 
394 150 122 52 
367 329 49 79 
303 228 21 15 
386 248 29 28 
271 202 22 14 
432 197 24 29 
496 245 40 31 
83 
67 178 313 222 
341 260 34 36 
330 216 28 29 
434 272 47 75 
300 222 26 28 
316 133 65 21 
357 124 96 47 
413 234 29 29 
616 323 106 127 
397 285 31 46 
434 204 21 15 
380 278 47 70 
415 342 188 81 
148 394 59 56 
394 150 122 52 
367 329 49 79 
303 228 21 15 
386 248 29 28 
271 202 22 14 
432 197 24 29 
496 245 40 31 
84 
65 179 322 225 
343 262 34 37 
433 276 51 74 
300 224 26 28 
316 133 66 22 
384 279 47 72 
330 218 29 28 
367 331 50 82 
430 342 177 86 
359 123 94 49 
271 202 23 15 
388 248 28 29 
437 206 20 15 
418 238 27 30 
337 250 43 64 
147 394 60 56 
402 291 30 47 
470 296 92 154 
657 425 135 25 
476 344 75 90 
499 248 41 32 
628 331 116 119 
435 198 24 30 
367 205 49 25 
344 126 61 18 
85 
66 177 331 237 
441 284 52 78 
347 268 35 39 
420 240 31 29 
391 286 49 75 
333 222 27 29 
301 227 27 27 
357 124 97 48 
318 133 64 23 
454 198 51 24 
406 301 34 47 
390 257 33 27 
381 207 29 27 
272 206 22 13 
259 201 49 23 
147 394 60 56 
450 358 175 88 
440 211 22 14 
341 259 43 62 
512 253 36 32 
467 204 24 14 
379 343 48 85 
637 346 133 104 
345 126 63 20 
412 127 92 101 
86 
66 177 331 237 
441 284 52 78 
347 268 35 39 
420 240 31 29 
391 286 49 75 
333 222 27 29 
301 227 27 27 
357 124 97 48 
318 133 64 23 
454 198 51 24 
406 301 34 47 
390 257 33 27 
381 207 29 27 
272 206 22 13 
259 201 49 23 
147 394 60 56 
440 211 22 14 
450 358 175 88 
341 259 43 62 
512 253 36 32 
467 204 24 14 
379 344 48 84 
637 346 133 104 
412 127 92 101 
345 126 63 20 
87 
72 176 330 245 
446 293 55 79 
336 225 27 29 
304 230 28 29 
355 126 102 46 
411 121 106 117 
398 298 51 75 
397 258 33 30 
428 248 29 29 
665 360 131 90 
377 350 52 88 
318 133 66 24 
493 338 105 112 
346 263 49 64 
147 394 61 56 
257 203 53 24 
352 275 37 40 
371 138 77 24 
88 
72 177 330 244 
446 293 55 79 
336 225 27 29 
304 230 28 29 
355 126 103 46 
411 121 106 117 
398 298 51 75 
397 258 33 30 
428 248 29 29 
665 360 131 90 
377 350 52 88 
318 133 66 24 
493 338 105 112 
346 263 49 64 
147 394 61 56 
257 203 53 24 
352 275 37 40 
370 138 78 24 
89 
78 177 323 248 
452 296 53 81 
347 264 50 68 
306 231 28 30 
355 127 104 46 
671 364 129 86 
412 125 105 111 
412 297 44 83 
496 358 126 92 
339 228 26 30 
354 279 38 39 
401 264 32 30 
318 133 67 24 
391 214 25 26 
147 394 61 56 
379 364 53 83 
526 264 42 33 
372 138 76 24 
256 206 54 22 
90 
84 176 318 255 
342 232 27 31 
351 272 48 68 
357 126 105 49 
413 309 48 82 
479 205 29 27 
393 217 29 28 
436 255 32 32 
417 124 103 114 
460 307 52 82 
307 234 30 30 
258 207 51 24 
380 369 53 81 
405 271 37 31 
358 285 39 41 
147 394 61 56 
509 382 129 68 
452 213 24 28 
347 126 61 20 
318 133 68 25 
91 
84 176 318 255 
342 232 27 31 
351 272 48 68 
357 126 105 49 
413 309 48 82 
479 205 29 27 
393 217 29 28 
437 255 31 32 
417 124 103 114 
460 307 52 82 
307 234 30 30 
258 207 51 24 
380 369 53 81 
405 271 37 31 
358 285 39 41 
147 394 61 56 
509 382 129 68 
452 213 24 28 
347 126 61 20 
318 133 68 25 
92 
98 180 303 253 
312 237 25 31 
467 311 57 91 
355 277 51 74 
420 126 105 117 
344 235 28 30 
483 210 31 27 
356 126 109 51 
397 222 28 28 
258 209 53 24 
418 325 53 81 
415 274 34 34 
544 265 51 63 
522 425 146 25 
147 394 61 56 
456 215 27 29 
384 390 55 60 
382 197 21 13 
141 146 62 26 
440 258 38 33 
129 134 86 49 
552 278 40 37 
93 
99 181 302 252 
312 237 25 31 
467 311 57 91 
355 277 51 74 
420 126 105 117 
344 235 28 30 
483 210 31 27 
356 126 109 51 
397 222 28 28 
258 209 53 24 
418 325 53 81 
415 274 34 34 
522 425 146 25 
544 265 51 63 
147 394 61 56 
455 215 28 29 
384 390 55 60 
382 197 21 13 
141 146 62 26 
129 134 86 49 
440 258 38 33 
94 
101 183 300 251 
422 126 106 120 
345 236 29 32 
312 240 26 31 
358 282 52 73 
423 328 55 82 
450 261 30 37 
356 127 111 51 
399 223 29 31 
470 314 62 92 
416 279 37 34 
257 210 54 24 
551 267 51 64 
488 212 30 27 
147 394 62 56 
459 217 27 29 
321 137 69 22 
95 
89 196 335 236 
349 240 27 33 
426 125 104 127 
494 215 31 28 
437 336 54 97 
356 127 114 52 
483 328 55 89 
367 286 48 81 
562 275 57 66 
465 223 26 29 
404 228 31 29 
316 243 25 31 
533 260 37 30 
418 275 49 60 
147 394 62 56 
386 202 21 15 
383 128 61 47 
269 210 33 26 
321 137 69 23 
443 255 48 57 
449 267 39 33 
96 
89 196 335 236 
349 240 27 33 
426 125 104 127 
494 215 31 28 
437 336 54 97 
356 127 114 52 
483 328 55 90 
367 286 48 81 
562 275 57 66 
465 223 26 29 
404 228 31 29 
316 243 25 31 
533 260 37 30 
418 275 49 60 
147 394 62 56 
386 202 21 15 
383 128 61 47 
269 210 32 26 
256 214 58 23 
321 137 69 23 
443 255 48 57 
449 267 39 33 
97 
93 194 335 251 
429 124 107 130 
369 294 55 87 
318 246 28 34 
574 281 57 70 
409 233 30 29 
425 282 52 66 
353 243 27 35 
499 220 34 28 
441 361 63 81 
270 214 32 26 
466 273 29 37 
357 127 116 53 
146 393 63 57 
322 138 69 23 
390 202 20 16 
385 129 60 48 
471 225 26 28 
124 216 52 24 
493 338 53 98 
315 128 83 41 
130 138 85 48 
442 342 158 88 
98 
93 194 335 251 
429 124 107 130 
369 294 55 87 
318 246 28 34 
574 281 57 70 
409 233 30 29 
425 282 52 66 
353 243 27 35 
499 220 34 28 
441 361 63 81 
270 214 32 26 
466 273 29 37 
357 127 116 53 
146 393 63 57 
322 138 69 23 
390 202 20 16 
385 129 60 48 
471 225 26 28 
493 338 54 98 
124 216 52 24 
315 128 83 41 
130 138 85 48 
442 342 157 88 
99 
97 192 330 258 
319 248 28 32 
431 128 105 126 
373 296 56 90 
356 247 28 32 
504 221 32 29 
429 284 54 71 
497 344 60 97 
448 366 62 82 
271 215 33 27 
411 234 31 30 
580 286 62 72 
366 135 104 41 
475 230 27 30 
390 206 23 14 
146 393 63 57 
322 139 70 22 
314 128 87 41 
130 138 84 49 
349 213 21 12 
125 217 51 24 
100 
97 195 337 255 
378 310 60 86 
357 250 30 33 
436 296 57 71 
417 237 32 32 
511 225 31 31 
322 251 29 32 
365 135 108 43 
434 129 106 127 
273 217 32 28 
594 294 65 76 
480 231 28 29 
146 394 64 56 
351 216 22 13 
508 357 60 93 
577 264 99 137 
320 141 77 21 
392 204 27 27 
312 131 94 38 
468 232 53 26 
549 268 52 57 
131 138 83 51 
333 204 19 14 
465 380 59 70 
101 
97 195 337 255 
378 310 60 86 
357 250 30 33 
436 296 57 71 
417 237 32 32 
511 225 31 31 
322 251 29 32 
365 135 108 43 
434 129 106 127 
273 217 32 28 
594 294 65 76 
480 231 28 29 
146 394 64 56 
351 216 22 13 
508 357 60 93 
577 264 99 137 
320 141 77 21 
392 204 27 27 
312 131 95 38 
468 232 53 26 
549 268 52 57 
131 138 83 51 
333 204 19 14 
465 380 59 70 
102 
101 201 338 249 
359 252 31 36 
326 256 26 33 
448 302 58 77 
519 229 32 32 
389 316 55 99 
423 242 32 32 
395 207 27 28 
366 134 110 45 
559 272 54 62 
276 221 33 27 
146 394 64 56 
601 271 92 142 
473 274 49 65 
436 126 113 137 
399 213 20 15 
490 239 28 29 
130 138 84 51 
615 306 66 71 
103 
101 201 338 249 
359 252 31 36 
326 256 26 33 
448 302 58 77 
519 229 32 32 
389 316 55 99 
423 242 32 32 
395 207 27 28 
366 134 110 45 
559 272 54 62 
276 221 33 27 
146 394 64 56 
601 271 92 142 
473 274 49 65 
436 126 113 137 
399 213 20 15 
490 239 28 29 
130 138 84 51 
615 306 66 71 
104 
105 198 334 252 
362 254 29 36 
388 326 62 90 
326 257 27 34 
424 246 36 32 
277 221 32 29 
524 234 32 29 
562 277 55 62 
368 134 109 46 
454 306 61 83 
605 280 101 139 
396 209 28 28 
438 132 112 132 
146 393 64 57 
140 222 31 27 
129 139 85 51 
356 220 20 14 
622 311 69 77 
310 132 101 40 
321 141 77 24 
105 
114 195 326 255 
465 315 65 85 
370 133 111 50 
572 284 55 64 
328 261 31 35 
279 225 33 29 
366 257 30 37 
529 237 39 31 
433 250 32 34 
399 335 56 98 
145 393 65 57 
142 225 31 27 
399 163 199 75 
403 212 26 30 
498 247 29 29 
322 141 76 25 
437 134 122 137 
627 280 102 160 
127 141 87 50 
347 218 49 24 
106 
114 195 326 255 
465 315 65 85 
370 133 111 50 
572 284 55 64 
328 261 31 35 
279 225 33 29 
366 257 30 37 
529 237 39 31 
433 250 32 34 
399 335 56 98 
145 393 65 57 
142 225 31 27 
399 163 199 75 
498 247 29 29 
403 212 26 30 
437 134 122 137 
322 141 76 25 
627 280 102 160 
127 141 87 50 
347 218 49 24 
107 
118 184 327 266 
371 136 113 51 
333 265 29 34 
405 216 30 29 
371 266 31 35 
439 255 35 37 
645 299 106 151 
541 241 32 34 
477 326 70 88 
408 352 62 98 
281 229 33 28 
401 166 203 75 
145 393 65 57 
464 292 96 156 
441 134 129 143 
615 334 159 86 
585 289 63 74 
124 141 89 52 
572 332 105 118 
326 147 77 19 
362 352 156 87 
108 
118 184 327 266 
371 136 113 51 
333 265 29 34 
405 216 30 29 
371 266 31 35 
439 255 35 37 
645 299 106 151 
541 241 32 34 
477 326 70 88 
408 352 62 98 
281 229 33 28 
401 166 203 75 
145 393 65 57 
464 292 96 156 
441 134 130 143 
615 334 159 86 
585 289 63 74 
124 141 89 52 
572 332 105 118 
326 147 77 19 
362 352 156 87 
109 
334 267 31 33 
370 137 116 51 
122 174 325 276 
412 360 62 90 
372 266 32 36 
281 230 33 29 
591 297 63 69 
544 246 36 32 
408 218 29 27 
609 340 191 85 
145 393 65 57 
510 256 31 29 
403 167 202 73 
476 290 88 160 
440 255 38 39 
571 359 125 91 
446 131 125 150 
396 139 64 47 
483 330 72 94 
365 227 21 16 
328 146 75 21 
650 307 122 143 
125 142 87 51 
143 230 35 28 
110 
375 269 31 41 
411 223 29 28 
73 209 440 241 
337 268 31 40 
452 131 120 155 
441 250 49 64 
448 263 37 38 
639 350 161 93 
283 233 32 28 
368 133 127 56 
418 378 69 72 
352 225 51 25 
502 345 71 97 
145 393 65 57 
330 146 74 22 
604 305 65 75 
585 275 105 136 
321 140 92 38 
367 231 21 14 
388 172 231 73 
459 343 149 90 
589 378 138 72 
489 313 97 137 
402 342 102 108 
140 140 54 52 
127 370 104 80 
111 
375 269 31 41 
411 223 29 28 
73 209 440 241 
337 268 31 40 
452 131 120 155 
441 250 49 64 
448 263 37 38 
639 350 161 93 
283 233 32 28 
368 133 127 56 
418 378 69 72 
352 225 51 25 
502 345 71 97 
145 393 65 57 
330 146 74 22 
604 305 65 75 
585 275 105 136 
321 140 92 38 
367 231 21 14 
388 172 231 73 
459 343 149 90 
589 378 138 72 
489 313 97 137 
402 342 102 108 
140 140 54 52 
127 370 104 80 
112 
417 226 31 29 
77 212 447 238 
691 340 109 110 
448 256 49 66 
372 135 120 55 
340 273 29 39 
378 272 33 41 
603 286 102 137 
401 173 220 75 
145 392 65 58 
322 139 92 41 
471 362 171 83 
433 387 68 63 
367 226 28 28 
415 363 106 87 
371 259 41 73 
330 146 75 23 
138 143 56 48 
508 327 95 123 
597 427 174 23 
117 181 19 11 
455 269 36 40 
285 234 32 30 
127 369 104 81 
113 
417 226 31 29 
77 212 447 238 
691 340 109 110 
448 256 49 66 
372 135 120 54 
340 273 29 39 
378 272 33 41 
603 286 102 137 
401 173 220 75 
145 392 65 58 
322 139 92 41 
471 362 171 83 
433 387 68 63 
367 226 28 28 
415 363 106 87 
330 146 75 23 
371 259 41 73 
138 143 56 48 
508 327 95 123 
117 181 19 11 
597 427 174 23 
455 269 36 40 
285 234 32 30 
127 369 104 81 
114 
342 277 30 38 
373 138 120 53 
73 216 457 234 
419 226 33 30 
451 257 49 69 
513 335 102 115 
381 277 34 43 
321 138 97 42 
403 173 223 76 
138 144 57 47 
374 261 41 72 
409 402 127 48 
145 392 65 58 
287 238 32 31 
610 288 103 143 
368 230 29 27 
503 310 109 53 
116 142 100 54 
331 146 74 24 
697 356 103 94 
477 367 172 82 
117 183 18 10 
127 369 104 81 
569 262 37 35 
563 245 48 66 
461 272 37 39 
115 
347 281 30 37 
425 233 31 29 
457 263 50 73 
322 137 96 43 
376 139 118 55 
536 321 58 67 
54 212 511 238 
524 362 113 88 
373 232 28 27 
381 268 43 72 
138 145 57 47 
156 240 31 29 
145 392 65 58 
423 424 119 26 
386 284 34 40 
293 240 30 33 
116 143 101 54 
628 305 109 140 
402 141 67 49 
400 175 236 77 
400 175 236 77 
116 184 18 10 
468 278 38 43 
126 370 106 80 
376 237 23 15 
573 253 51 64 
597 323 190 83 
116 
347 281 30 37 
425 233 31 29 
457 263 50 73 
322 137 96 43 
376 139 118 55 
536 321 58 67 
54 212 511 238 
524 362 113 88 
373 232 28 27 
381 268 43 72 
138 145 57 47 
156 240 31 29 
145 392 65 58 
423 424 119 26 
386 284 34 40 
293 240 30 33 
628 305 109 140 
116 143 101 54 
402 141 67 49 
400 175 236 77 
400 175 236 77 
116 184 18 10 
468 278 38 43 
126 370 106 80 
376 237 23 15 
573 253 51 64 
597 323 190 83 
117 
50 214 524 236 
467 268 54 76 
350 283 32 45 
323 138 95 43 
432 236 31 33 
376 140 121 56 
390 287 33 43 
384 274 44 71 
136 146 58 48 
293 244 35 33 
146 393 64 57 
529 406 145 44 
403 142 67 49 
158 243 33 29 
376 235 29 28 
405 180 246 77 
547 333 59 71 
647 315 106 135 
115 144 101 54 
584 256 54 70 
540 385 121 65 
405 180 246 77 
605 343 195 83 
118 
50 214 524 236 
467 268 54 76 
350 283 32 45 
323 138 95 43 
432 236 31 33 
376 140 121 56 
390 287 33 43 
384 274 44 71 
136 146 58 48 
293 244 35 33 
145 393 65 57 
529 406 145 44 
403 142 67 49 
158 243 33 29 
376 234 29 29 
404 180 247 77 
547 333 59 71 
647 315 106 135 
115 144 101 54 
584 256 54 70 
540 385 121 65 
404 180 247 77 
605 343 195 83 
119 
46 219 535 231 
435 239 31 33 
322 138 98 45 
470 271 55 77 
376 140 123 57 
383 276 46 74 
350 286 34 43 
135 146 58 48 
378 239 28 27 
408 181 247 78 
146 393 64 57 
390 288 36 44 
404 142 68 50 
616 347 184 83 
158 245 34 31 
113 143 103 55 
295 246 33 32 
592 261 50 70 
541 310 99 134 
114 185 18 13 
120 
50 226 542 224 
476 280 57 74 
389 282 45 75 
323 139 97 45 
404 144 69 49 
439 245 35 32 
566 354 62 80 
411 185 258 81 
162 248 33 30 
356 296 30 38 
380 242 31 29 
375 139 129 60 
135 146 57 48 
146 393 64 57 
636 351 164 88 
111 188 21 13 
296 248 36 32 
569 429 135 21 
121 
50 226 542 224 
476 280 57 74 
389 282 45 75 
322 139 98 45 
404 144 69 49 
439 245 35 32 
566 354 62 80 
411 185 258 81 
162 248 33 30 
356 296 30 38 
380 242 31 29 
134 146 58 48 
375 139 128 60 
146 393 64 57 
637 351 163 88 
111 188 21 13 
296 248 36 32 
569 429 135 21 
122 
489 286 55 80 
56 230 536 220 
325 143 97 44 
447 248 34 36 
399 289 41 74 
407 144 68 50 
691 362 109 88 
361 298 32 39 
133 146 59 50 
387 247 28 28 
147 393 62 57 
111 189 21 14 
421 187 253 84 
165 250 33 31 
376 139 130 62 
439 186 233 88 
574 334 100 116 
442 236 46 58 
301 250 35 33 
123 
489 286 55 80 
56 230 536 220 
325 143 97 44 
447 248 34 36 
399 289 41 74 
407 144 68 50 
691 362 109 88 
360 298 33 39 
133 146 59 50 
147 393 62 57 
387 247 28 28 
111 189 21 14 
421 187 253 84 
165 250 33 31 
376 139 130 62 
439 186 233 88 
574 334 100 116 
442 236 46 58 
301 250 35 33 
124 
325 143 100 46 
53 233 549 217 
397 286 45 88 
387 247 31 28 
435 188 244 88 
448 251 37 36 
489 293 62 76 
408 143 68 53 
363 302 34 42 
444 239 47 59 
147 393 62 57 
698 364 102 86 
134 145 58 52 
110 190 21 14 
577 355 109 95 
316 200 30 26 
375 139 136 63 
125 
500 300 63 79 
401 290 47 84 
326 144 101 46 
428 193 264 88 
391 250 31 30 
132 250 397 200 
411 145 68 52 
137 148 57 53 
357 233 28 30 
452 243 48 62 
171 254 33 33 
148 394 61 56 
110 193 20 13 
598 359 110 91 
308 256 33 35 
365 305 35 42 
483 266 96 149 
398 115 96 111 
126 
500 300 63 79 
401 290 47 84 
326 144 101 46 
428 193 264 88 
391 250 31 30 
132 250 397 200 
411 145 68 52 
137 148 57 53 
171 254 33 33 
452 243 48 62 
357 233 28 30 
148 394 61 56 
110 193 20 13 
598 359 110 91 
308 256 33 35 
365 305 35 42 
483 266 96 149 
398 115 96 111 
127 
510 305 66 88 
329 144 101 48 
409 299 47 85 
136 149 58 52 
174 258 32 33 
466 263 36 39 
457 248 48 67 
109 194 20 13 
372 312 30 44 
140 257 393 193 
440 193 255 93 
310 206 52 26 
148 393 60 57 
388 147 126 55 
394 255 32 29 
312 261 33 37 
357 238 31 28 
450 142 243 193 
366 295 44 79 
128 
510 305 66 88 
329 144 101 48 
409 299 47 85 
136 149 58 52 
174 258 32 33 
466 263 36 39 
457 248 48 67 
109 194 20 13 
372 312 30 44 
140 257 393 193 
440 193 256 93 
310 206 52 26 
148 393 60 57 
389 147 125 55 
394 255 32 29 
312 261 33 37 
357 238 31 28 
450 142 243 193 
366 294 44 80 
129 
326 145 107 48 
136 150 59 51 
358 238 31 29 
461 251 52 67 
410 302 48 84 
314 262 34 35 
119 269 451 181 
514 311 71 88 
108 194 21 13 
504 269 92 172 
175 261 36 33 
398 256 29 31 
148 394 60 56 
365 296 44 78 
325 206 28 29 
372 314 33 43 
387 147 129 56 
436 191 268 98 
422 198 300 92 
225 295 79 49 
130 
126 278 451 172 
415 308 47 86 
325 143 113 52 
134 151 60 51 
471 256 52 70 
107 197 21 13 
316 266 37 33 
360 241 32 29 
181 262 33 36 
328 209 28 28 
529 324 69 87 
352 145 60 47 
433 152 294 193 
418 152 72 51 
430 203 294 91 
390 149 130 57 
148 394 60 56 
514 290 101 154 
411 125 84 104 
486 326 155 79 
479 272 40 38 
131 
126 278 451 172 
415 308 47 85 
325 143 113 52 
134 151 60 51 
471 256 52 70 
107 197 21 13 
316 266 37 33 
360 241 32 29 
181 262 33 36 
328 209 28 28 
529 324 69 87 
352 145 60 47 
434 152 293 193 
418 152 72 51 
430 203 294 91 
390 148 130 59 
148 394 60 56 
514 290 101 154 
411 125 84 104 
486 326 155 79 
479 272 40 38 
132 
418 316 47 85 
480 266 52 68 
330 144 110 52 
123 285 471 165 
329 214 30 28 
134 152 59 52 
391 149 133 59 
107 199 21 13 
420 155 73 49 
440 146 296 216 
362 244 33 28 
529 287 91 163 
415 127 83 104 
536 332 77 89 
356 146 58 46 
147 394 61 56 
185 270 35 33 
493 329 151 94 
259 319 38 29 
440 202 297 103 
133 
418 316 47 85 
480 266 52 68 
330 144 110 52 
123 285 471 165 
329 214 30 28 
134 152 59 52 
391 149 133 59 
107 199 21 13 
420 155 73 49 
362 244 33 28 
440 146 296 216 
529 287 91 163 
415 127 83 104 
536 332 77 89 
356 146 58 46 
147 394 61 56 
185 270 35 33 
493 329 151 94 
259 319 38 29 
440 202 297 103 
134 
482 268 55 69 
364 248 32 28 
421 315 48 99 
330 216 31 28 
328 144 114 54 
387 150 143 59 
133 152 59 52 
355 147 60 46 
129 288 465 162 
442 148 301 216 
416 128 84 104 
484 345 192 76 
187 270 34 36 
107 200 21 13 
420 155 75 50 
147 394 61 56 
322 271 37 37 
425 248 29 31 
135 
426 322 48 93 
339 151 100 45 
131 154 61 51 
365 250 36 30 
498 350 198 83 
497 271 54 76 
419 127 82 108 
253 315 52 57 
331 221 33 27 
190 274 35 36 
448 151 308 222 
107 202 21 13 
147 394 62 56 
260 326 43 33 
148 296 456 154 
259 268 55 60 
551 306 95 144 
136 
426 322 48 93 
339 151 100 45 
131 154 61 51 
365 250 36 30 
498 350 198 83 
497 271 54 76 
419 128 82 106 
253 315 52 57 
331 221 33 27 
448 151 308 222 
190 274 35 36 
107 202 21 13 
147 394 62 56 
260 326 43 33 
148 296 456 154 
259 268 55 60 
551 305 95 145 
137 
343 151 98 47 
504 283 61 76 
130 155 61 51 
334 222 33 28 
430 331 54 90 
256 320 54 62 
159 300 440 150 
437 160 348 212 
370 255 32 29 
106 202 22 15 
415 129 96 105 
329 280 41 35 
520 363 195 84 
147 394 62 56 
186 264 49 64 
266 271 54 60 
566 326 104 124 
416 307 35 31 
323 265 50 61 
138 
343 151 98 47 
504 283 61 76 
130 155 61 51 
334 222 33 28 
430 331 54 90 
256 320 54 62 
159 300 440 150 
370 255 32 29 
437 160 348 212 
106 202 22 15 
415 129 96 105 
329 280 41 35 
520 363 195 84 
147 394 62 56 
186 264 49 64 
266 271 54 60 
566 326 104 124 
416 307 34 31 
323 265 50 61 
194 277 36 38 
139 
342 151 102 47 
508 286 65 78 
258 323 52 62 
129 155 61 52 
335 224 34 29 
438 336 50 94 
372 257 33 30 
569 335 106 115 
167 304 429 146 
417 128 94 107 
107 204 21 14 
270 274 52 60 
147 394 62 56 
199 281 36 36 
330 282 40 34 
428 156 73 52 
451 149 337 241 
278 289 39 35 
192 263 49 68 
451 149 337 241 
437 257 32 33 
140 
345 150 100 53 
439 344 57 94 
128 157 62 51 
263 328 51 66 
180 309 402 141 
374 259 33 31 
339 229 31 29 
582 358 116 92 
524 297 64 75 
195 269 48 66 
108 207 21 14 
416 128 100 112 
451 174 349 207 
273 278 53 58 
147 394 62 56 
448 158 352 232 
507 264 97 142 
424 316 39 32 
392 334 55 75 
447 263 30 34 
201 286 37 36 
141 
345 150 101 53 
439 344 57 94 
128 157 62 51 
263 328 51 66 
180 309 402 141 
374 259 33 31 
582 358 116 92 
339 229 31 29 
524 297 64 75 
195 269 48 66 
108 207 21 14 
416 128 100 112 
451 174 349 207 
273 278 53 58 
147 394 62 56 
448 158 352 232 
507 264 97 142 
424 316 39 32 
392 334 54 75 
447 263 30 34 
201 286 37 36 
142 
344 152 105 55 
264 331 55 76 
126 158 63 52 
342 232 30 29 
378 266 34 32 
198 273 49 70 
189 321 400 129 
419 128 100 118 
449 351 52 99 
534 309 70 77 
435 158 71 57 
478 156 322 252 
286 188 20 14 
596 406 130 44 
518 278 102 140 
478 156 322 252 
147 394 62 56 
276 285 53 58 
109 210 20 14 
340 147 66 20 
342 290 39 35 
143 
344 152 105 55 
264 331 55 76 
126 158 63 52 
342 232 30 29 
378 266 34 32 
198 273 49 70 
189 321 400 129 
419 128 100 118 
449 351 52 99 
534 309 69 78 
435 158 71 57 
478 156 322 252 
286 188 20 14 
596 406 130 44 
478 156 322 252 
519 278 101 140 
147 394 62 56 
276 285 53 58 
109 210 20 14 
340 147 66 20 
342 290 39 35 
144 
346 152 103 55 
125 158 64 53 
267 335 55 76 
419 127 101 121 
452 355 51 95 
379 265 36 35 
539 314 73 78 
525 280 103 147 
344 234 31 28 
200 276 49 67 
435 158 71 59 
475 159 325 252 
193 326 398 124 
108 210 21 14 
147 394 62 56 
288 190 19 13 
336 282 52 60 
341 147 66 20 
277 285 55 61 
475 159 325 252 
145 
124 159 64 53 
345 240 35 28 
345 154 107 57 
456 364 57 86 
204 279 51 70 
489 160 311 270 
422 125 102 128 
271 338 55 88 
384 270 33 33 
284 286 53 66 
540 297 110 138 
327 336 57 67 
110 213 21 14 
345 283 49 64 
340 148 70 21 
124 396 110 54 
462 274 32 36 
440 156 68 64 
146 
124 159 64 53 
345 240 35 28 
345 154 107 57 
456 364 57 86 
204 279 51 70 
489 160 311 270 
422 125 102 128 
271 338 55 88 
384 270 33 33 
284 286 53 66 
540 297 110 138 
327 336 57 67 
110 213 21 14 
345 283 49 64 
340 148 70 21 
124 396 110 54 
462 274 32 36 
440 156 68 64 
147 
122 160 66 54 
273 343 60 89 
431 129 96 125 
207 286 54 68 
336 157 130 54 
389 273 31 36 
559 301 103 149 
350 243 33 28 
467 377 54 73 
288 291 53 63 
347 288 50 63 
515 329 192 95 
499 152 301 298 
288 194 21 14 
124 396 110 54 
439 161 79 60 
211 257 35 28 
369 158 64 52 
342 149 71 20 
468 278 33 41 
335 197 23 13 
111 216 21 13 
148 
122 160 66 54 
431 129 96 124 
273 343 60 89 
207 286 54 68 
336 157 130 54 
389 273 31 36 
559 301 103 149 
350 243 33 28 
467 377 54 73 
288 291 53 63 
347 288 50 63 
515 329 192 95 
498 152 302 298 
288 195 22 13 
124 396 110 54 
439 161 79 60 
211 257 35 28 
369 158 64 52 
342 149 71 20 
468 278 33 41 
335 197 23 13 
111 216 21 13 
149 
432 129 96 125 
336 158 131 54 
121 160 68 56 
210 287 53 72 
280 349 57 87 
466 379 60 71 
389 275 34 34 
512 341 216 83 
341 345 60 77 
350 246 35 30 
290 293 54 64 
348 293 53 62 
366 165 434 279 
289 196 21 13 
369 159 65 52 
124 397 110 53 
276 190 46 25 
177 204 20 13 
343 149 70 21 
459 263 50 74 
439 162 81 59 
89 157 131 60 
568 309 112 141 
150 
435 132 97 124 
354 248 33 30 
294 299 60 67 
121 161 63 53 
281 354 60 92 
394 281 38 35 
372 160 66 54 
340 354 66 76 
415 176 385 274 
334 158 140 57 
530 355 224 81 
472 390 62 60 
215 295 54 70 
353 298 59 66 
177 204 21 14 
124 396 110 54 
289 198 21 13 
388 266 45 63 
277 192 46 25 
480 288 34 39 
345 151 70 21 
337 202 23 15 
581 325 119 125 
151 
435 132 97 124 
354 248 33 30 
294 299 60 67 
121 161 63 53 
281 354 60 92 
394 281 38 35 
372 160 66 54 
340 354 66 76 
415 176 385 274 
334 158 140 57 
530 355 224 81 
472 390 62 60 
215 295 54 70 
353 298 59 66 
177 204 21 14 
124 396 110 54 
289 198 21 13 
388 266 45 63 
277 193 46 25 
480 288 34 39 
345 151 70 21 
337 202 23 15 
581 325 119 125 
152 
448 181 352 269 
298 304 59 68 
283 361 63 89 
221 295 54 76 
438 130 99 133 
357 252 35 29 
120 159 65 59 
402 287 33 36 
376 161 64 54 
554 365 229 85 
113 214 27 28 
348 360 66 86 
337 158 140 60 
222 266 38 30 
604 334 112 116 
178 206 21 13 
124 396 110 54 
326 198 49 25 
455 403 112 47 
274 196 51 24 
332 326 98 124 
395 271 45 63 
339 204 24 14 
366 305 56 69 
153 
448 181 352 269 
298 304 59 68 
283 361 63 89 
221 295 54 76 
438 130 99 133 
357 252 35 29 
120 159 65 59 
402 287 33 36 
376 161 64 54 
554 365 229 85 
113 214 27 28 
348 360 66 86 
337 158 140 60 
222 266 38 30 
604 334 112 116 
178 206 21 13 
124 396 110 54 
326 198 48 25 
455 403 112 47 
274 196 51 24 
332 326 98 124 
395 271 45 63 
339 204 24 14 
366 305 56 69 
154 
461 179 339 271 
222 298 55 77 
301 304 58 69 
358 256 36 29 
285 367 64 83 
351 363 65 86 
117 162 69 58 
403 289 34 37 
376 161 65 55 
114 216 27 28 
275 197 50 24 
439 126 99 142 
396 272 46 66 
124 397 110 53 
337 199 30 28 
568 366 209 84 
336 157 142 63 
368 306 54 65 
178 206 21 14 
494 297 32 38 
225 266 36 29 
116 224 22 12 
449 417 134 33 
364 130 90 117 
155 
115 163 71 57 
443 181 357 269 
376 165 71 52 
228 304 52 77 
354 369 62 81 
436 135 114 131 
363 260 35 30 
626 368 139 82 
277 199 49 24 
288 374 65 76 
375 316 53 73 
115 218 28 27 
304 308 61 69 
453 298 51 70 
124 397 110 53 
402 278 50 63 
490 283 50 71 
363 137 98 109 
386 237 31 33 
341 200 29 29 
156 
115 163 71 57 
443 181 357 269 
376 165 71 52 
228 304 52 77 
354 369 62 81 
436 135 114 131 
363 260 35 30 
626 368 139 82 
277 199 49 24 
288 374 65 76 
375 316 53 73 
115 218 28 27 
453 298 51 70 
304 308 61 69 
124 397 110 53 
402 278 50 63 
490 283 50 71 
363 137 98 109 
386 237 31 33 
341 200 29 29 
157 
116 165 70 55 
378 168 72 52 
230 311 57 79 
313 315 58 72 
289 381 68 69 
288 200 30 27 
117 222 28 27 
461 307 55 67 
440 137 110 134 
345 205 25 29 
380 319 55 77 
417 299 33 37 
369 263 34 32 
459 185 341 265 
346 211 22 16 
232 272 39 32 
125 397 109 53 
354 163 124 62 
367 139 95 110 
411 285 45 63 
229 260 48 56 
364 382 62 68 
274 346 100 104 
158 
116 165 70 55 
378 168 72 52 
230 311 57 79 
313 315 58 72 
289 381 68 69 
288 200 30 27 
117 222 28 27 
461 307 55 67 
440 137 110 134 
345 205 25 29 
380 319 55 77 
417 299 33 37 
369 263 34 32 
459 185 341 265 
346 211 22 16 
232 272 39 32 
354 163 124 62 
125 397 109 53 
367 139 95 110 
411 285 45 63 
229 260 48 56 
364 382 62 68 
159 
116 165 70 56 
379 168 73 53 
231 316 61 75 
290 384 70 66 
314 317 58 74 
368 265 35 34 
117 223 29 27 
289 200 30 28 
442 138 112 135 
345 207 27 28 
412 285 48 64 
369 141 95 108 
469 310 49 76 
275 353 102 97 
351 164 132 62 
124 398 110 52 
348 213 21 15 
390 327 55 79 
233 275 39 33 
483 195 317 255 
369 381 64 69 
416 298 38 40 
360 252 47 57 
160 
115 166 69 57 
472 317 56 74 
381 171 75 55 
236 321 58 79 
119 225 29 28 
317 321 61 71 
368 385 68 65 
517 302 49 69 
449 139 114 138 
371 144 98 110 
416 291 47 65 
295 392 71 58 
234 266 51 60 
372 270 37 35 
279 366 106 84 
290 204 30 26 
363 256 49 60 
347 210 27 27 
124 398 111 52 
354 357 97 93 
396 334 60 73 
348 168 143 60 
239 280 39 35 
336 147 104 44 
161 
115 166 69 57 
472 317 56 74 
381 171 75 55 
236 321 59 79 
119 225 29 28 
317 321 61 71 
368 385 68 65 
517 302 49 69 
371 144 98 110 
449 139 114 138 
416 291 47 65 
295 392 71 58 
234 266 51 61 
372 270 37 35 
279 366 106 84 
290 204 30 26 
363 256 49 60 
347 210 27 27 
124 398 111 52 
396 334 60 73 
354 357 97 93 
348 168 143 60 
239 280 39 35 
336 147 104 44 
162 
452 141 113 136 
115 167 68 58 
385 172 75 58 
236 328 63 81 
375 142 97 119 
238 271 49 61 
324 327 62 77 
349 213 27 29 
477 324 60 82 
406 343 53 81 
369 261 50 59 
121 226 30 29 
291 205 30 28 
427 294 49 74 
502 371 127 79 
375 390 63 60 
525 309 50 78 
607 225 193 225 
124 398 111 52 
417 417 118 33 
278 401 123 49 
432 312 35 42 
107 188 17 13 
163 
452 141 113 136 
115 167 68 58 
385 172 75 58 
236 328 63 81 
375 142 97 119 
238 271 49 61 
324 327 62 77 
349 213 27 29 
477 324 60 82 
406 343 53 81 
369 261 50 59 
121 226 30 29 
291 205 30 28 
427 294 49 74 
502 370 127 80 
375 390 63 60 
525 309 50 78 
607 225 193 225 
124 398 111 52 
417 417 118 33 
278 401 123 49 
432 312 35 42 
107 188 17 13 
164 
454 142 115 137 
375 145 100 116 
115 169 67 57 
238 332 62 82 
326 330 62 79 
529 311 54 80 
407 342 58 85 
385 173 78 58 
241 274 49 62 
478 326 64 81 
350 216 28 28 
418 421 119 29 
294 207 28 29 
276 406 128 44 
426 295 52 74 
122 229 29 29 
506 380 132 70 
124 398 110 52 
372 260 49 63 
616 220 184 230 
165 
116 171 67 57 
381 148 94 114 
458 140 114 142 
329 335 65 81 
127 232 27 28 
389 176 77 56 
489 330 59 89 
246 275 52 68 
538 320 54 78 
377 266 50 67 
413 346 65 93 
352 217 31 30 
296 209 29 28 
348 154 95 40 
250 341 56 83 
280 419 133 31 
124 398 110 52 
413 170 188 81 
355 402 116 48 
510 416 159 34 
385 280 37 40 
667 297 133 145 
103 191 20 13 
166 
116 171 67 57 
381 148 94 114 
458 140 114 142 
329 335 65 81 
127 232 28 28 
488 330 60 88 
389 176 77 56 
246 275 52 68 
538 320 54 78 
377 266 50 67 
413 346 65 93 
352 217 31 30 
296 209 29 28 
348 154 95 40 
250 341 56 83 
280 419 133 31 
124 398 110 52 
413 170 188 81 
355 402 116 48 
510 416 159 34 
385 280 37 40 
667 297 133 145 
103 191 20 13 
167 
113 171 69 59 
357 221 27 29 
297 212 28 28 
381 272 52 66 
249 344 63 92 
130 234 28 30 
416 171 192 82 
348 153 98 44 
548 329 58 82 
254 279 49 71 
380 145 98 121 
429 364 57 78 
341 339 59 88 
458 137 123 155 
295 427 112 23 
123 398 111 52 
537 425 137 25 
391 177 75 56 
498 340 63 87 
389 286 40 41 
99 138 95 125 
168 
113 171 69 59 
357 221 27 29 
297 212 28 28 
381 272 52 66 
249 344 63 92 
130 234 28 30 
416 171 192 82 
348 153 98 44 
548 329 58 82 
254 279 49 71 
380 145 98 121 
429 364 57 78 
341 339 59 88 
458 137 123 155 
123 398 111 52 
295 427 112 23 
537 425 137 25 
391 177 75 56 
498 340 63 87 
389 286 40 41 
99 138 95 125 
169 
114 173 68 58 
359 222 26 31 
298 213 28 28 
389 143 88 130 
254 282 52 67 
252 344 58 97 
382 275 51 66 
130 237 30 29 
420 173 191 81 
341 340 61 91 
350 153 95 46 
393 178 80 61 
504 346 64 83 
434 362 58 88 
463 147 125 148 
443 313 50 73 
123 398 111 52 
554 332 62 89 
299 430 112 20 
100 193 20 14 
170 
390 146 92 129 
113 173 68 60 
134 237 30 31 
255 360 59 89 
259 286 52 74 
299 217 31 28 
359 226 30 30 
386 279 52 69 
344 347 66 84 
396 180 80 60 
511 350 64 89 
426 177 196 80 
562 345 69 86 
550 308 95 142 
418 336 97 114 
123 397 111 53 
352 154 102 47 
98 194 20 14 
448 319 54 69 
328 316 97 134 
758 372 42 75 
99 138 94 130 
171 
390 146 92 129 
113 173 68 60 
134 237 30 31 
255 360 59 89 
259 286 52 74 
299 217 31 28 
359 226 30 30 
386 279 52 69 
344 347 66 84 
396 180 80 60 
511 350 64 89 
426 177 196 80 
562 345 69 86 
550 308 95 142 
418 336 97 114 
123 397 111 53 
353 154 101 47 
98 194 20 14 
448 319 54 69 
328 317 97 133 
758 372 42 75 
99 138 94 130 
172 
390 148 100 133 
112 173 67 63 
361 229 29 31 
390 286 51 70 
300 220 32 29 
267 289 50 74 
257 366 60 84 
136 239 31 33 
351 157 109 46 
501 356 181 88 
96 197 20 14 
429 182 209 77 
347 352 68 85 
429 182 209 77 
373 430 129 20 
447 322 58 63 
123 397 111 53 
448 383 63 67 
481 151 119 151 
399 185 81 58 
525 364 63 83 
173 
390 148 100 133 
112 173 67 63 
361 229 29 31 
390 286 51 70 
300 220 32 29 
267 289 50 74 
257 366 60 84 
136 239 31 33 
351 157 109 46 
501 356 181 88 
96 197 20 14 
429 182 209 78 
347 352 68 85 
373 430 129 20 
429 182 209 78 
447 322 58 63 
123 397 111 53 
481 151 119 151 
448 383 63 67 
399 185 81 58 
525 364 63 83 
174 
392 151 102 132 
113 173 66 64 
363 231 29 31 
264 294 57 74 
301 222 31 29 
394 286 52 74 
140 241 31 33 
352 358 66 85 
258 380 62 70 
429 183 216 78 
352 158 108 47 
95 197 20 15 
431 358 104 92 
526 366 66 84 
480 151 122 152 
123 397 111 53 
447 323 61 62 
374 429 136 21 
506 362 181 81 
388 155 125 46 
429 183 216 78 
346 179 17 15 
175 
394 154 108 132 
269 297 59 76 
435 186 224 82 
303 225 31 29 
114 174 65 65 
355 363 70 84 
142 246 33 30 
258 384 63 66 
366 236 30 31 
353 161 110 46 
584 333 96 117 
483 150 130 159 
400 290 56 73 
519 334 97 116 
347 180 18 14 
343 329 94 121 
443 364 109 86 
534 371 70 79 
92 198 19 16 
124 396 110 54 
595 370 73 80 
382 156 138 47 
176 
394 154 108 132 
269 297 59 76 
435 186 224 82 
303 225 31 29 
114 174 65 65 
355 363 70 84 
142 246 33 30 
258 384 63 66 
366 236 30 31 
353 161 110 46 
584 333 96 117 
483 150 130 159 
400 290 56 73 
519 334 97 116 
347 180 18 14 
343 329 94 121 
442 364 110 86 
534 371 70 79 
92 198 19 16 
124 396 110 54 
595 370 73 80 
382 156 138 47 
177 
397 157 110 131 
406 301 55 73 
105 176 74 66 
272 300 63 82 
146 249 32 30 
371 239 28 33 
439 190 232 85 
305 229 32 28 
350 162 119 48 
466 340 64 66 
351 335 90 115 
358 368 74 82 
260 391 65 59 
348 181 19 14 
90 202 18 15 
523 358 112 92 
95 141 96 137 
382 155 142 50 
441 382 126 68 
124 396 110 54 
360 126 97 45 
241 367 106 83 
178 
397 157 110 131 
406 301 55 73 
105 176 74 66 
272 300 63 82 
146 249 32 30 
371 239 28 33 
439 190 232 85 
305 229 32 28 
350 162 119 48 
466 340 64 66 
351 335 90 115 
358 368 74 82 
260 391 65 59 
348 181 19 14 
90 202 18 15 
523 358 112 92 
95 141 96 137 
382 155 142 50 
441 382 126 68 
124 396 110 54 
360 126 97 45 
241 367 106 83 
179 
398 155 111 137 
406 301 55 76 
104 176 75 67 
371 240 29 34 
305 229 33 30 
148 249 31 32 
440 191 235 87 
279 301 60 85 
349 161 121 51 
95 141 96 138 
472 346 61 61 
348 187 209 74 
355 336 94 114 
88 205 19 15 
350 181 19 15 
361 127 101 46 
531 363 113 87 
384 154 139 52 
124 396 110 54 
596 365 120 85 
369 370 67 80 
234 399 124 51 
241 372 108 78 
436 407 146 43 
180 
403 156 108 141 
374 244 30 36 
104 177 73 68 
412 309 59 77 
447 195 231 87 
281 308 67 84 
309 232 31 31 
94 142 97 139 
348 161 125 52 
477 353 65 70 
354 352 109 98 
355 189 203 73 
155 253 31 33 
361 127 106 47 
184 225 52 24 
84 206 21 16 
349 185 18 14 
238 417 125 33 
124 396 110 54 
267 273 96 154 
378 155 152 54 
181 
403 156 108 141 
374 244 30 36 
104 178 73 67 
412 309 59 78 
447 195 231 87 
281 308 67 84 
309 232 31 31 
94 142 97 139 
348 161 125 52 
477 353 65 70 
354 352 109 98 
355 189 203 73 
155 253 31 33 
361 127 106 47 
184 225 52 24 
84 206 21 16 
349 185 18 14 
238 417 125 33 
124 396 110 54 
267 273 96 154 
378 155 152 54 
182 
419 315 58 79 
285 314 68 82 
406 154 106 154 
103 179 75 68 
310 236 31 33 
378 248 29 37 
94 142 96 142 
359 352 109 98 
359 127 112 49 
159 256 32 33 
381 162 66 51 
358 192 202 77 
351 160 125 56 
434 202 265 84 
350 187 19 14 
376 383 72 67 
270 278 98 156 
184 225 56 24 
124 396 110 54 
238 423 127 27 
293 186 20 13 
487 365 63 71 
183 
419 315 58 79 
285 314 68 82 
406 154 106 154 
103 179 75 68 
310 236 31 33 
378 248 29 37 
94 142 96 142 
359 352 109 98 
359 127 112 49 
159 256 32 33 
381 162 66 51 
358 192 202 77 
351 160 125 56 
434 202 265 84 
350 187 19 14 
376 383 72 67 
270 278 98 156 
184 225 56 24 
124 396 110 54 
238 423 127 27 
293 186 20 13 
487 365 63 71 
184 
420 319 60 77 
289 318 68 82 
311 236 31 33 
94 142 95 144 
104 180 74 67 
399 163 128 144 
377 251 33 37 
441 203 262 85 
358 127 114 49 
356 194 209 77 
360 356 109 94 
378 385 71 65 
350 187 20 15 
160 257 34 34 
381 162 66 53 
476 340 105 110 
349 159 131 59 
273 282 99 154 
237 426 129 24 
124 396 110 54 
294 186 19 14 
185 226 57 24 
185 
406 162 125 153 
96 142 94 147 
381 255 33 38 
357 195 221 81 
104 181 76 69 
313 241 31 33 
358 129 117 47 
295 323 70 85 
367 369 110 81 
447 206 269 89 
365 162 108 58 
506 382 68 68 
489 350 105 100 
352 188 19 17 
282 289 96 153 
293 187 20 15 
384 392 72 58 
437 161 284 180 
425 319 65 83 
161 261 36 35 
74 208 27 26 
146 393 63 57 
444 285 50 63 
570 426 130 24 
154 246 49 66 
392 162 157 47 
350 182 24 28 
77 216 22 13 
186 
406 162 125 153 
96 142 94 147 
381 255 33 38 
357 195 221 81 
104 181 76 69 
313 241 31 33 
358 129 117 47 
295 323 70 85 
367 369 110 81 
447 206 269 89 
365 162 108 58 
506 382 68 68 
489 350 105 100 
352 188 19 17 
293 187 20 15 
282 289 96 153 
384 392 72 58 
425 319 65 83 
437 161 284 180 
161 261 36 35 
74 208 27 26 
146 393 63 57 
444 285 50 63 
570 426 130 24 
154 246 49 66 
392 162 157 47 
350 182 24 28 
77 215 22 14 
187 
386 261 31 36 
415 161 121 160 
97 143 94 148 
316 246 31 32 
106 182 73 70 
364 199 213 81 
433 333 61 81 
364 166 112 55 
459 207 267 97 
359 130 119 47 
449 160 282 192 
287 287 94 163 
494 370 111 80 
170 265 34 34 
295 329 76 84 
368 373 119 77 
69 209 28 27 
146 392 62 58 
162 247 48 65 
293 189 20 15 
421 135 106 104 
450 289 51 64 
188 
415 161 121 160 
386 261 31 36 
97 143 94 148 
316 246 31 32 
106 182 73 70 
364 199 213 81 
433 333 61 81 
364 166 112 55 
459 207 267 97 
359 130 119 47 
449 160 282 192 
287 287 94 163 
494 370 111 80 
170 265 34 34 
295 329 76 84 
368 373 119 77 
69 209 28 27 
146 392 62 58 
162 247 48 65 
294 189 19 15 
421 135 106 104 
450 289 51 64 
189 
388 263 30 37 
97 143 96 151 
319 249 28 32 
372 200 202 86 
456 158 283 202 
363 168 118 54 
107 183 73 71 
290 296 100 154 
418 162 117 164 
359 131 122 45 
171 265 34 35 
458 208 277 103 
501 372 112 78 
371 374 125 76 
164 248 47 66 
354 193 19 15 
146 392 62 58 
438 340 63 85 
57 214 50 25 
418 304 95 146 
389 163 171 49 
190 
368 202 221 86 
99 142 94 157 
320 252 32 34 
450 169 312 188 
388 268 35 37 
418 162 124 170 
369 169 113 57 
368 136 107 41 
110 183 71 74 
66 214 30 27 
167 253 49 64 
356 196 19 16 
299 302 97 148 
387 231 31 30 
175 270 37 34 
146 393 62 57 
446 342 59 89 
376 378 123 72 
384 255 47 64 
502 413 132 37 
294 192 20 15 
456 295 54 73 
311 340 72 88 
191 
368 202 221 86 
99 141 94 158 
320 252 32 34 
450 170 312 187 
388 268 35 37 
418 162 124 170 
369 169 114 57 
368 136 107 41 
110 183 71 74 
66 214 30 27 
167 253 49 64 
356 196 19 16 
299 302 97 148 
387 231 31 30 
175 270 37 34 
146 392 62 58 
446 342 59 89 
376 378 123 72 
384 255 47 64 
502 414 132 36 
294 192 20 15 
456 295 54 73 
311 340 72 88 
192 
368 207 233 82 
395 272 30 39 
100 141 94 162 
371 134 106 44 
321 255 32 36 
64 216 29 27 
303 310 97 140 
316 345 71 91 
394 175 68 51 
111 184 71 76 
465 163 310 212 
173 257 48 63 
147 393 61 57 
295 193 20 16 
419 162 132 182 
179 270 34 37 
377 417 141 33 
419 146 118 98 
508 423 140 27 
388 257 46 68 
193 
368 207 234 82 
395 272 30 39 
100 141 94 162 
371 134 106 44 
321 255 32 36 
64 216 29 27 
303 310 97 140 
394 175 68 51 
316 345 71 91 
111 184 71 76 
465 163 310 212 
173 257 48 63 
147 393 61 57 
295 193 20 16 
179 270 34 37 
419 162 132 182 
419 146 118 98 
377 417 142 33 
508 423 140 27 
388 257 46 68 
194 
372 209 229 84 
374 135 104 44 
101 143 95 160 
324 257 31 36 
397 272 30 41 
62 216 31 28 
304 311 100 139 
317 348 74 89 
295 194 20 16 
187 273 31 36 
421 149 117 95 
450 176 350 191 
468 305 54 71 
113 185 70 76 
147 393 61 57 
389 238 32 29 
421 164 131 182 
380 421 139 29 
387 263 45 67 
177 257 46 65 
270 347 171 84 
435 317 96 133 
195 
371 215 245 86 
323 261 35 36 
372 137 113 45 
103 144 94 160 
484 183 310 193 
361 201 20 17 
388 241 36 30 
57 221 32 26 
475 314 56 73 
392 267 45 69 
295 197 20 16 
401 281 32 40 
217 234 32 28 
453 175 347 198 
179 262 48 67 
187 277 37 36 
388 153 101 104 
147 393 61 57 
399 178 72 53 
276 352 170 89 
311 316 100 134 
325 356 72 92 
292 191 25 28 
540 426 116 24 
405 169 160 53 
318 125 92 38 
196 
371 215 245 86 
323 261 35 36 
372 137 113 45 
103 144 94 160 
484 183 310 193 
361 201 20 16 
388 241 36 29 
57 221 32 26 
475 314 56 73 
392 267 45 69 
295 197 20 16 
401 281 32 40 
217 234 32 28 
179 262 48 67 
453 175 347 198 
187 277 37 36 
388 153 101 104 
147 393 61 57 
399 178 72 53 
276 352 170 89 
311 316 100 134 
325 356 72 92 
292 191 25 28 
540 426 116 24 
405 169 161 53 
318 125 92 38 
197 
369 221 259 85 
54 222 33 27 
100 150 99 153 
327 266 32 36 
372 136 118 48 
493 166 306 243 
404 286 32 44 
363 206 21 14 
361 199 25 28 
183 264 48 66 
399 181 76 54 
397 272 43 70 
390 246 31 29 
319 330 102 120 
191 278 37 38 
482 321 58 73 
147 393 61 57 
219 234 31 30 
323 253 42 62 
400 426 139 24 
55 187 173 68 
275 194 18 16 
296 198 20 17 
393 150 96 112 
198 
369 221 259 85 
54 222 33 27 
100 150 99 153 
327 266 32 36 
372 136 118 48 
493 166 306 243 
404 286 32 44 
363 206 21 14 
361 199 25 28 
183 264 48 66 
399 181 76 54 
397 272 43 70 
390 246 31 29 
319 330 102 120 
191 278 37 38 
482 321 58 73 
147 393 61 57 
219 234 31 30 
323 253 42 62 
400 426 139 24 
55 187 174 68 
296 198 20 17 
275 194 18 16 
393 150 96 113 
199 
370 222 262 88 
53 224 33 27 
371 137 121 48 
328 269 35 37 
393 247 29 29 
320 332 104 118 
100 149 100 156 
399 180 77 57 
186 264 50 68 
390 155 96 107 
406 287 33 46 
362 200 24 28 
398 276 45 75 
495 167 305 249 
56 185 175 70 
218 238 34 28 
484 321 60 74 
275 196 18 15 
147 393 61 57 
450 347 102 103 
419 175 150 51 
364 207 20 15 
401 429 135 21 
193 280 37 37 
200 
371 226 272 90 
371 138 125 48 
395 251 30 31 
395 157 98 108 
51 226 33 27 
333 274 32 37 
99 150 102 158 
402 281 47 73 
194 266 48 71 
495 170 305 256 
403 183 80 56 
219 239 34 28 
326 349 108 101 
362 204 27 27 
63 186 167 74 
496 332 58 83 
417 176 158 54 
341 383 76 67 
147 393 61 57 
297 203 20 15 
326 231 30 28 
368 182 275 180 
410 294 36 47 
449 345 108 105 
294 198 25 27 
325 261 44 60 
201 
371 226 272 90 
371 138 125 48 
395 251 30 31 
395 157 98 108 
51 226 33 27 
333 274 32 37 
99 150 102 158 
402 281 47 73 
194 266 48 71 
495 170 305 256 
403 183 80 56 
219 239 34 28 
326 349 108 101 
362 204 27 27 
63 186 167 74 
496 332 58 83 
417 176 158 54 
341 383 76 67 
147 393 61 57 
297 203 20 15 
326 231 30 28 
368 182 275 180 
410 294 36 47 
449 345 108 105 
294 198 25 27 
325 261 44 60 
202 
396 157 101 115 
371 229 287 92 
373 140 125 48 
345 384 73 66 
48 230 34 27 
325 266 45 66 
377 184 272 182 
400 254 34 32 
328 352 108 98 
67 186 166 78 
198 271 48 68 
364 206 27 28 
459 360 114 90 
410 287 46 76 
101 149 101 164 
327 233 32 29 
204 286 37 39 
334 281 36 37 
298 204 20 15 
296 198 24 27 
406 186 81 57 
222 239 35 30 
147 393 61 57 
447 156 108 98 
505 340 62 90 
367 213 21 14 
275 202 19 15 
356 173 444 261 
418 303 32 45 
318 128 94 39 
113 122 93 41 
412 176 174 57 
203 
396 157 101 115 
371 229 287 92 
373 140 125 48 
345 384 73 66 
48 230 34 27 
325 266 45 66 
377 184 272 182 
400 254 34 32 
328 352 108 98 
67 186 166 78 
198 271 48 68 
364 206 27 28 
458 360 115 90 
410 287 46 76 
101 149 101 164 
327 233 32 29 
204 286 37 38 
334 281 36 37 
298 204 20 15 
296 198 24 27 
406 186 81 57 
222 239 35 30 
147 393 61 57 
447 156 108 98 
505 340 62 90 
367 213 21 14 
275 202 19 15 
357 173 443 261 
418 303 32 45 
318 128 94 39 
113 122 93 41 
412 176 174 57 
204 
398 160 102 113 
374 140 124 50 
47 231 33 28 
325 270 47 65 
380 178 280 201 
349 388 70 62 
403 255 32 32 
365 231 307 95 
68 188 168 79 
200 274 48 68 
408 292 50 77 
364 207 27 29 
105 157 100 150 
224 240 34 29 
331 360 109 90 
274 203 20 14 
509 344 63 87 
337 284 36 41 
296 200 25 27 
147 394 61 56 
407 189 83 55 
105 198 22 13 
458 366 119 84 
512 206 288 223 
307 125 129 39 
391 162 409 288 
206 288 37 40 
449 156 109 99 
205 
377 179 299 212 
401 161 105 120 
412 298 51 77 
67 192 176 78 
378 140 121 52 
331 274 45 68 
104 156 105 157 
458 157 106 109 
46 232 32 31 
380 234 289 100 
404 261 32 33 
203 276 51 72 
340 288 34 41 
297 203 24 29 
311 125 123 39 
274 203 19 15 
335 375 113 75 
365 212 29 27 
227 242 34 31 
147 394 61 56 
415 181 385 269 
103 200 20 13 
412 192 80 58 
415 181 385 269 
206 
377 179 299 212 
401 161 105 120 
412 298 51 77 
67 192 176 78 
378 140 121 52 
331 274 45 68 
104 156 105 157 
458 157 106 109 
46 232 32 31 
380 234 289 100 
404 261 32 32 
203 276 51 72 
340 288 34 41 
297 203 24 29 
311 125 123 39 
274 203 19 15 
335 375 113 75 
365 212 29 27 
227 242 34 31 
147 394 61 56 
415 181 385 269 
103 200 20 13 
412 192 80 58 
415 181 385 269 
207 
381 183 302 217 
67 193 179 80 
411 141 63 51 
451 184 349 266 
332 277 49 76 
369 213 27 28 
42 239 33 28 
418 303 48 79 
209 278 50 73 
297 204 26 29 
405 162 107 123 
100 203 22 13 
314 125 118 40 
407 265 32 33 
381 140 123 55 
231 247 34 30 
105 156 108 162 
453 164 118 102 
275 204 20 15 
147 394 61 56 
342 406 119 44 
529 366 62 81 
332 243 32 28 
218 295 37 40 
343 294 35 44 
286 205 48 25 
384 236 292 107 
510 341 100 109 
118 124 93 41 
462 421 148 29 
208 
381 183 302 217 
67 193 179 80 
411 141 63 51 
451 184 349 266 
332 277 48 76 
369 213 27 28 
42 239 33 28 
418 303 48 79 
209 278 50 73 
297 204 26 29 
405 162 107 123 
100 203 22 13 
314 125 118 40 
407 265 32 33 
381 140 123 55 
231 247 34 30 
105 156 108 162 
453 164 118 102 
275 204 20 15 
147 394 61 56 
342 406 119 44 
529 366 62 81 
332 243 32 28 
218 295 37 40 
343 294 35 44 
286 205 48 25 
384 236 292 107 
510 341 100 109 
462 421 148 29 
209 
385 184 300 222 
65 194 185 82 
411 142 65 51 
333 280 48 77 
211 279 50 73 
99 202 21 15 
39 241 34 28 
418 308 53 81 
233 248 33 30 
297 205 27 28 
316 126 115 40 
459 177 341 273 
411 164 105 123 
372 215 26 29 
382 140 124 57 
334 247 31 29 
275 206 20 13 
104 154 111 168 
512 344 104 106 
410 265 32 38 
147 394 61 56 
455 163 116 107 
339 415 128 35 
220 296 36 41 
210 
389 189 308 227 
70 195 182 85 
414 165 104 126 
424 312 53 87 
319 125 113 43 
414 143 66 52 
215 280 51 78 
297 208 29 29 
334 249 32 31 
340 288 47 76 
234 249 33 31 
417 271 31 33 
39 243 32 29 
374 218 27 28 
346 428 132 22 
518 351 106 99 
385 141 128 58 
147 394 60 56 
102 152 118 177 
536 385 70 65 
98 206 20 14 
120 123 92 44 
211 
389 189 308 227 
70 195 182 85 
414 165 104 126 
424 312 54 87 
319 125 113 42 
414 143 66 52 
215 280 51 78 
297 208 29 29 
334 249 32 31 
340 288 47 76 
234 249 33 31 
417 271 31 33 
39 243 32 29 
374 218 27 28 
346 428 132 22 
518 350 106 100 
385 141 128 58 
147 394 60 56 
102 152 118 177 
536 385 70 65 
98 206 20 14 
120 123 92 44 
212 
407 189 301 237 
415 167 110 132 
74 195 180 89 
222 280 51 85 
35 248 34 29 
376 221 26 28 
324 125 104 44 
347 295 46 75 
299 212 27 27 
93 210 22 15 
430 321 55 87 
418 278 33 34 
417 142 66 58 
338 255 33 30 
403 113 95 115 
276 211 20 13 
147 394 60 56 
239 250 32 31 
530 369 116 81 
122 124 92 44 
65 204 20 14 
287 211 53 26 
213 
407 189 301 237 
415 167 110 132 
74 195 180 89 
222 281 51 84 
35 248 34 29 
376 221 26 28 
324 125 104 44 
347 295 46 75 
299 212 27 27 
93 210 22 15 
430 321 55 87 
418 278 33 34 
417 142 66 58 
338 255 33 30 
403 113 95 115 
276 211 20 13 
147 394 60 56 
239 250 32 31 
530 369 116 81 
122 125 92 43 
65 204 20 15 
287 211 53 26 
214 
408 188 308 242 
419 167 108 136 
421 279 31 35 
223 285 51 80 
347 297 48 77 
35 249 33 30 
376 223 28 29 
75 197 180 86 
299 212 28 28 
436 326 53 85 
324 125 105 45 
91 210 22 16 
419 141 65 60 
404 112 96 119 
240 254 34 32 
340 258 31 30 
276 211 20 14 
146 394 61 56 
526 401 134 49 
317 227 56 24 
122 124 92 45 
64 204 20 14 
329 225 30 28 
79 206 45 24 
416 267 44 61 
215 
402 191 335 254 
424 169 111 142 
59 200 212 87 
300 214 30 29 
325 126 103 45 
347 306 51 76 
436 334 58 87 
227 289 54 82 
34 251 34 31 
379 227 26 28 
86 208 25 27 
416 147 77 53 
276 214 21 13 
417 273 47 60 
242 256 34 32 
410 118 86 111 
422 285 36 38 
341 260 33 30 
88 215 22 15 
526 419 157 31 
147 394 60 56 
480 175 134 110 
611 228 189 222 
456 271 28 38 
124 124 89 45 
216 
402 191 336 254 
424 169 111 142 
59 200 212 87 
300 214 30 29 
325 126 103 45 
347 306 51 76 
436 334 58 87 
227 289 54 82 
34 251 34 31 
379 227 26 28 
86 208 25 27 
416 147 77 53 
276 214 21 13 
417 273 47 60 
242 256 34 32 
410 118 86 111 
422 285 36 37 
341 260 33 30 
88 215 22 15 
526 419 157 31 
147 394 60 56 
480 175 134 110 
611 228 189 222 
456 271 28 38 
124 124 89 45 
217 
406 193 344 257 
56 201 220 89 
350 313 52 78 
381 230 28 29 
324 127 107 46 
232 293 54 81 
444 345 57 85 
32 255 36 30 
429 176 109 135 
301 217 30 28 
344 266 33 32 
333 232 31 28 
277 214 20 13 
423 275 47 65 
432 289 31 39 
479 180 136 108 
415 121 85 108 
147 394 60 56 
86 218 22 15 
419 149 78 53 
247 256 32 38 
126 125 89 44 
540 425 165 25 
218 
406 193 344 257 
56 201 220 89 
350 313 52 78 
381 230 28 28 
324 127 107 46 
232 293 54 81 
444 345 57 85 
32 255 36 30 
429 176 109 135 
301 217 30 28 
344 266 33 32 
333 232 31 28 
277 214 20 13 
423 275 47 65 
432 289 31 39 
415 121 85 108 
479 180 136 108 
147 394 60 56 
419 149 78 53 
86 218 22 15 
85 213 25 26 
247 256 32 38 
126 125 89 45 
540 425 165 25 
219 
402 199 362 251 
56 200 222 92 
351 319 53 75 
382 230 29 30 
234 294 55 82 
33 256 34 31 
325 127 105 47 
446 347 60 89 
429 175 111 139 
302 218 31 28 
416 122 86 108 
347 266 31 36 
83 214 26 26 
334 233 30 28 
85 219 22 15 
425 277 47 65 
321 235 56 24 
419 149 79 54 
248 262 33 34 
432 294 34 37 
478 181 138 109 
147 394 60 56 
539 424 165 26 
278 215 20 14 
682 298 118 142 
463 277 29 39 
220 
425 195 344 255 
56 201 225 95 
238 298 54 80 
355 324 53 83 
303 223 31 27 
322 126 112 50 
453 357 61 89 
388 233 25 32 
33 258 32 34 
434 180 108 135 
349 272 30 37 
414 118 96 117 
424 283 48 70 
435 297 35 42 
249 264 33 34 
465 279 31 37 
274 207 26 28 
80 217 27 27 
147 394 60 56 
426 148 74 57 
564 425 154 25 
335 239 32 29 
82 224 22 14 
221 
425 195 344 255 
55 201 226 95 
238 298 54 80 
355 324 53 83 
303 223 31 27 
322 126 112 50 
453 357 61 89 
388 233 25 32 
33 258 32 34 
434 180 108 135 
349 272 30 37 
414 118 96 117 
424 283 48 70 
435 297 35 42 
249 264 33 34 
465 279 31 37 
274 207 26 28 
80 217 27 27 
147 394 60 56 
426 148 74 57 
564 425 154 25 
335 239 32 29 
82 224 22 14 
222 
53 204 236 94 
389 238 27 29 
361 333 53 84 
243 300 56 85 
321 125 117 53 
428 289 52 70 
305 225 31 29 
31 264 35 31 
415 120 99 117 
433 191 344 259 
382 211 240 75 
453 368 69 82 
437 179 129 148 
251 267 36 30 
62 222 53 24 
349 127 63 47 
444 336 89 114 
428 149 75 59 
274 207 26 29 
147 394 61 56 
473 287 33 38 
596 419 127 31 
223 
53 204 236 94 
389 238 27 29 
361 333 53 84 
243 300 56 85 
321 125 117 53 
428 289 52 70 
305 225 31 29 
31 264 35 31 
415 120 99 117 
433 191 344 259 
382 211 240 75 
453 368 69 82 
437 179 129 148 
251 267 36 30 
73 221 32 27 
349 127 63 47 
444 336 89 114 
428 149 75 59 
274 207 26 29 
147 394 61 56 
473 287 33 38 
596 419 127 31 
224 
56 204 233 96 
390 239 27 30 
416 121 99 118 
318 125 123 53 
31 265 35 31 
432 290 52 73 
363 337 55 90 
61 224 51 24 
245 299 56 89 
354 280 35 37 
304 226 35 29 
392 213 229 74 
250 268 38 28 
310 221 490 229 
462 370 64 80 
443 176 122 158 
349 265 46 63 
274 208 28 29 
146 394 62 56 
447 340 94 110 
429 149 75 60 
349 126 64 48 
325 245 62 24 
135 138 74 23 
477 290 32 35 
339 242 34 30 
225 
55 205 240 96 
329 231 471 219 
418 123 103 120 
438 296 50 75 
366 347 56 88 
394 243 28 30 
249 307 61 84 
340 248 34 29 
310 230 31 28 
392 217 232 76 
321 127 121 51 
68 226 33 27 
466 383 66 67 
357 286 34 38 
32 268 33 33 
275 214 28 27 
351 272 46 63 
251 272 41 30 
147 394 61 56 
479 295 36 37 
435 153 73 60 
350 127 62 48 
455 186 110 150 
508 182 133 134 
226 
55 205 240 96 
329 231 471 219 
418 123 103 120 
438 296 50 75 
366 347 56 88 
394 243 28 30 
249 307 61 84 
340 248 34 29 
310 230 31 28 
392 217 232 76 
321 127 121 51 
68 226 33 27 
466 383 66 67 
357 286 34 38 
32 268 33 33 
275 214 28 27 
351 272 46 63 
251 272 41 30 
147 394 61 56 
479 295 36 37 
435 153 73 60 
350 127 62 48 
455 186 110 150 
508 182 133 134 
227 
388 235 412 215 
396 248 30 30 
53 207 248 98 
442 303 52 77 
381 221 257 77 
255 310 61 86 
311 232 33 29 
420 122 108 128 
33 272 33 35 
376 359 52 85 
343 252 34 28 
64 229 36 28 
350 276 49 66 
471 392 68 58 
319 127 129 52 
275 214 30 29 
452 370 111 80 
486 297 35 38 
255 274 38 29 
359 289 38 41 
147 394 61 56 
351 127 63 50 
476 283 50 71 
137 137 72 24 
323 124 66 24 
228 
388 235 412 215 
396 248 30 30 
53 207 248 98 
442 303 52 77 
381 221 256 77 
255 310 61 86 
421 122 107 128 
311 232 33 29 
33 272 33 35 
376 359 53 85 
343 252 34 28 
64 229 36 28 
350 276 49 66 
319 127 129 52 
471 392 68 58 
275 214 30 29 
452 370 111 80 
486 297 35 38 
255 274 38 29 
359 289 38 41 
147 394 61 56 
351 127 64 50 
476 283 50 71 
137 137 72 24 
323 124 66 24 
305 194 20 15 
229 
398 248 30 32 
423 122 105 130 
377 223 266 78 
393 242 407 208 
59 209 239 98 
257 314 60 84 
376 366 56 84 
313 233 32 29 
33 273 34 35 
63 230 35 28 
445 304 52 80 
352 278 48 70 
345 252 34 29 
275 216 30 29 
448 400 123 50 
352 127 62 52 
363 293 34 42 
319 127 130 53 
147 394 61 56 
138 137 71 25 
255 275 39 30 
440 155 73 63 
324 124 65 24 
230 
377 228 272 80 
402 254 29 30 
447 310 58 83 
428 121 105 134 
53 217 267 91 
347 258 35 30 
263 317 60 87 
313 238 34 29 
61 233 34 28 
358 285 45 68 
379 379 59 71 
32 279 36 32 
383 242 417 208 
328 133 115 47 
471 219 247 88 
139 138 70 24 
259 282 41 28 
147 393 61 57 
446 418 144 32 
276 215 29 32 
305 197 21 13 
325 124 65 24 
231 
378 228 271 80 
402 254 29 30 
447 310 58 83 
53 217 267 91 
428 121 105 134 
347 258 35 30 
263 317 60 87 
313 238 34 29 
61 233 35 28 
358 285 45 68 
379 379 58 71 
32 279 36 32 
383 242 417 208 
327 133 116 47 
471 219 247 88 
139 138 70 24 
259 282 41 28 
147 394 61 56 
446 418 144 32 
276 215 29 32 
306 197 20 13 
325 124 65 24 
232 
404 255 29 34 
47 217 284 93 
389 231 266 82 
454 317 60 86 
316 240 31 30 
265 323 62 85 
348 262 36 32 
432 124 105 131 
382 385 62 65 
328 132 118 51 
33 281 35 34 
364 292 46 68 
463 420 134 30 
75 161 232 204 
332 242 468 208 
140 138 68 25 
57 238 36 28 
147 394 61 56 
258 270 49 60 
501 305 48 65 
24 266 50 63 
262 285 39 30 
280 222 26 28 
354 127 63 54 
424 228 22 32 
233 
404 255 29 34 
47 217 284 93 
389 231 266 82 
454 317 60 86 
316 240 31 30 
265 323 62 85 
348 262 36 32 
432 124 105 131 
382 385 62 65 
328 132 118 51 
33 281 35 34 
364 292 46 68 
463 420 134 30 
75 161 232 204 
332 242 468 208 
140 138 68 25 
57 238 36 28 
147 394 61 56 
258 270 49 60 
501 305 48 65 
24 266 50 63 
262 285 39 30 
280 222 26 28 
354 127 63 54 
424 228 22 32 
234 
47 218 285 92 
406 257 30 35 
435 124 103 131 
317 242 32 30 
388 231 275 86 
267 324 63 86 
366 293 48 77 
351 266 37 29 
56 239 36 27 
458 323 63 84 
331 133 112 51 
394 212 23 29 
383 390 65 60 
70 163 243 202 
279 222 28 29 
33 282 35 34 
466 271 334 179 
468 425 129 25 
147 394 61 56 
25 267 50 63 
258 272 50 58 
140 139 68 24 
424 229 24 33 
375 311 34 44 
478 182 287 171 
235 
49 218 286 95 
409 261 34 35 
371 297 49 84 
464 329 63 88 
399 235 271 91 
439 126 99 130 
335 136 107 51 
466 280 334 170 
71 164 247 202 
281 224 29 29 
270 326 66 90 
352 270 42 32 
319 245 36 31 
55 242 35 29 
397 215 24 29 
380 193 307 177 
26 269 51 67 
141 140 67 23 
512 309 50 81 
488 184 282 178 
261 277 49 57 
147 394 61 56 
476 429 128 21 
264 292 41 30 
349 257 50 54 
470 227 315 92 
399 221 19 18 
308 202 21 14 
236 
49 218 286 95 
409 261 34 35 
371 297 49 84 
464 329 63 88 
399 235 271 91 
439 126 99 130 
335 136 107 51 
466 280 334 170 
71 164 247 202 
281 224 29 29 
270 326 66 90 
352 270 42 32 
319 245 36 31 
55 242 35 29 
397 215 24 29 
380 193 307 177 
26 269 51 67 
141 140 67 23 
512 309 50 81 
488 184 282 178 
261 277 49 57 
147 394 61 56 
476 429 128 21 
264 292 41 30 
349 257 50 54 
471 227 314 92 
398 221 20 18 
308 202 21 14 
237 
51 218 285 99 
463 287 337 163 
322 247 37 31 
357 273 38 34 
72 164 249 206 
391 240 292 90 
374 198 324 174 
440 119 104 146 
279 327 62 99 
336 136 107 53 
375 307 54 83 
473 338 62 91 
416 269 31 34 
398 217 26 30 
353 263 48 55 
282 222 30 31 
515 313 54 79 
261 281 47 65 
308 203 22 14 
124 397 110 53 
25 268 53 74 
141 140 68 24 
482 239 318 87 
39 246 60 23 
268 296 38 38 
432 238 24 32 
238 
51 218 285 99 
463 287 337 163 
322 247 37 31 
357 273 38 34 
72 163 248 207 
391 240 292 90 
374 198 324 174 
440 119 104 146 
279 327 62 99 
336 136 107 53 
375 307 54 83 
473 338 62 91 
416 269 31 34 
398 217 26 30 
353 263 48 55 
282 222 30 31 
515 313 54 79 
261 281 48 65 
308 203 22 14 
124 397 110 53 
25 268 53 74 
141 140 68 24 
482 239 318 87 
39 246 60 23 
268 296 38 38 
432 238 24 32 
239 
478 297 322 153 
417 269 32 36 
53 218 285 100 
376 311 55 79 
324 249 37 31 
375 199 329 177 
440 125 106 137 
73 164 250 208 
475 343 66 90 
399 222 27 27 
336 137 109 55 
386 243 308 88 
353 265 49 59 
283 335 63 95 
263 283 47 63 
358 275 40 36 
437 239 22 32 
28 271 51 71 
522 315 52 82 
282 221 30 32 
124 397 110 53 
269 299 38 36 
141 140 67 25 
309 204 22 14 
38 288 36 41 
324 130 72 21 
240 
506 305 294 145 
70 168 261 204 
421 272 32 38 
376 206 339 177 
50 220 296 99 
381 320 52 80 
441 133 110 131 
327 253 35 32 
266 289 48 67 
357 266 47 63 
288 339 61 95 
533 325 52 85 
337 139 113 55 
399 224 29 30 
38 251 59 24 
30 282 53 63 
124 397 110 53 
385 248 320 87 
482 347 69 96 
283 223 30 32 
325 131 73 21 
472 301 91 149 
241 
506 305 294 145 
70 168 261 204 
421 272 32 38 
375 206 340 177 
50 220 296 99 
381 320 52 80 
441 133 110 131 
327 253 35 32 
266 289 48 67 
357 266 47 63 
288 339 61 95 
533 325 52 85 
337 139 113 55 
399 224 29 30 
38 251 59 24 
30 282 54 63 
124 397 110 53 
385 248 320 87 
482 347 69 96 
283 223 30 32 
325 131 73 21 
472 301 91 149 
242 
68 169 269 205 
387 328 56 86 
536 326 264 124 
331 256 32 33 
447 133 106 137 
404 229 28 29 
361 272 47 66 
292 345 64 91 
425 275 36 42 
399 210 319 178 
362 141 66 52 
268 294 51 65 
37 277 52 75 
540 335 55 80 
50 221 303 101 
444 246 25 35 
368 289 38 36 
497 364 63 86 
147 394 62 56 
34 254 62 22 
439 360 171 88 
286 231 28 29 
240 348 169 79 
325 131 73 22 
477 325 101 125 
275 217 50 23 
312 203 24 29 
322 120 81 43 
243 
69 169 268 205 
387 328 55 85 
536 326 264 124 
331 256 32 33 
447 133 106 137 
404 229 28 29 
361 272 47 66 
292 345 64 91 
425 275 36 42 
399 209 319 179 
362 141 66 52 
268 294 51 65 
37 277 52 75 
540 335 55 80 
50 221 303 101 
444 246 25 35 
368 289 38 36 
497 364 63 86 
147 394 62 56 
439 360 171 88 
34 254 62 22 
286 231 28 29 
240 348 169 79 
325 131 73 22 
477 325 101 125 
275 217 50 23 
312 203 24 29 
244 
69 171 269 205 
389 331 57 91 
395 212 328 182 
293 348 65 90 
405 231 28 29 
267 297 50 71 
450 133 105 140 
333 259 34 31 
541 336 259 114 
38 278 53 75 
365 275 47 66 
339 141 113 55 
425 281 39 38 
445 250 28 33 
549 338 53 91 
286 232 28 29 
369 290 39 39 
501 367 64 83 
483 332 98 118 
49 221 307 103 
147 394 62 56 
327 132 72 21 
242 350 168 80 
322 120 83 44 
245 
389 214 348 187 
454 134 108 142 
70 174 291 209 
431 286 35 42 
395 340 57 96 
40 284 53 72 
366 278 48 71 
268 300 51 74 
407 234 30 31 
452 255 25 35 
299 354 64 91 
483 227 317 194 
286 232 30 30 
560 346 52 91 
492 344 106 106 
327 132 72 22 
147 394 62 56 
337 261 36 35 
599 368 201 82 
30 260 65 23 
316 212 21 15 
508 382 73 68 
364 141 65 54 
323 121 81 43 
314 205 26 29 
246 
389 214 348 187 
454 134 108 142 
70 174 291 209 
431 286 35 42 
395 340 57 96 
40 284 53 72 
366 278 48 71 
268 301 51 73 
407 234 30 31 
452 255 25 35 
299 354 64 91 
483 227 317 194 
286 232 30 30 
560 346 52 91 
492 344 106 106 
327 132 72 22 
147 394 62 56 
337 261 36 35 
599 368 201 82 
30 260 65 23 
316 212 21 15 
508 382 73 68 
364 141 65 54 
323 121 81 43 
314 205 26 29 
247 
69 174 293 214 
407 238 33 32 
455 137 117 139 
492 214 308 232 
380 214 392 199 
370 282 52 76 
42 287 56 71 
340 265 36 34 
431 279 45 68 
271 307 49 82 
309 361 62 89 
404 355 58 94 
455 257 29 36 
571 356 56 93 
503 354 107 96 
658 366 142 84 
147 393 62 57 
331 251 46 63 
288 232 27 33 
329 132 69 22 
314 208 27 29 
526 386 63 64 
252 360 171 83 
248 
69 174 293 214 
455 137 117 139 
407 238 33 32 
492 214 308 232 
370 282 52 76 
380 214 392 199 
42 287 56 72 
340 265 36 34 
431 279 45 68 
271 307 49 82 
309 361 62 89 
404 355 58 94 
456 262 28 34 
571 356 56 92 
503 354 107 96 
659 366 141 84 
147 393 62 57 
331 251 46 63 
288 238 26 29 
328 132 70 22 
526 386 63 64 
314 208 27 29 
252 360 171 83 
335 141 138 55 
249 
65 176 304 214 
380 212 396 208 
456 137 120 139 
409 241 32 32 
405 358 62 92 
271 313 53 78 
375 286 51 76 
499 214 301 236 
45 289 54 71 
310 363 65 87 
342 266 33 35 
434 280 45 69 
501 367 117 83 
459 262 28 35 
574 360 60 89 
333 141 141 56 
148 394 62 56 
290 239 24 29 
335 253 44 64 
328 132 71 23 
346 203 20 14 
370 142 67 53 
250 
62 180 311 214 
384 213 402 218 
375 294 57 75 
412 245 33 34 
275 318 51 81 
438 286 47 73 
50 297 58 69 
312 367 67 83 
345 271 32 38 
412 365 61 85 
459 145 122 124 
290 240 25 30 
40 273 37 30 
313 214 27 30 
463 265 30 37 
410 171 203 78 
475 239 325 202 
147 394 63 56 
298 332 95 118 
358 116 98 108 
504 376 128 74 
372 142 68 55 
338 259 46 63 
324 121 82 46 
446 302 36 43 
327 132 75 24 
251 
62 180 311 214 
384 213 402 218 
375 294 57 75 
412 245 33 34 
275 318 51 81 
438 286 47 73 
50 297 58 69 
312 367 67 83 
345 271 32 38 
412 365 61 85 
459 145 122 124 
290 240 25 30 
40 273 37 30 
313 214 27 30 
463 265 30 37 
410 171 203 78 
475 239 325 202 
147 394 63 56 
298 332 95 118 
358 116 98 108 
504 376 128 74 
372 142 68 55 
338 259 46 63 
324 121 82 46 
446 302 36 43 
328 132 74 24 
252 
64 179 311 221 
389 219 411 224 
378 300 59 76 
57 298 56 72 
418 383 66 67 
418 250 30 34 
442 291 48 77 
278 323 49 85 
467 140 116 147 
417 172 202 80 
39 275 39 32 
469 272 29 34 
318 377 70 73 
316 214 27 30 
571 352 115 98 
574 236 226 214 
286 204 21 14 
147 393 63 57 
375 148 66 52 
347 273 38 39 
291 240 25 31 
305 328 93 122 
274 198 46 26 
253 
64 179 311 221 
389 218 411 225 
378 300 59 76 
57 298 56 72 
418 383 66 67 
418 250 30 34 
442 291 48 78 
278 323 49 85 
467 140 116 147 
417 172 202 80 
39 275 39 32 
469 272 29 34 
318 377 70 73 
316 214 27 30 
571 352 115 98 
574 236 226 214 
286 204 21 14 
147 393 63 57 
375 148 66 52 
347 273 38 39 
291 240 25 31 
305 328 93 122 
274 198 46 26 
254 
395 223 405 225 
66 180 308 223 
382 304 57 76 
443 294 51 76 
418 253 35 33 
58 299 58 73 
281 325 47 87 
574 360 122 90 
420 388 66 62 
319 378 70 72 
40 276 38 33 
472 273 29 33 
420 173 203 81 
376 148 65 53 
291 240 25 32 
347 266 47 58 
286 205 21 13 
302 340 104 110 
584 245 216 205 
470 142 116 150 
147 393 63 57 
317 216 27 30 
274 199 46 25 
420 173 203 81 
