0 
99 433 217 90 
547 585 73 123 
479 508 60 108 
836 353 34 63 
631 456 48 88 
767 343 33 58 
894 330 56 54 
647 278 54 48 
976 415 43 86 
747 277 54 46 
1011 352 36 66 
931 362 31 68 
734 329 28 53 
920 434 40 87 
800 347 34 55 
679 494 51 104 
897 272 42 45 
798 231 38 40 
610 391 94 90 
720 261 43 40 
762 454 45 94 
904 354 27 59 
0 37 504 239 
848 564 66 127 
786 303 22 38 
917 296 21 34 
957 289 25 37 
851 260 39 42 
599 317 85 61 
858 464 43 100 
314 651 94 67 
831 220 36 33 
1062 232 17 28 
1 
99 433 217 90 
547 585 73 122 
479 508 61 107 
836 353 34 63 
631 456 48 88 
767 343 33 58 
894 330 56 54 
976 415 43 86 
747 277 55 46 
1011 352 36 66 
647 279 55 47 
931 362 31 68 
734 329 28 53 
920 434 40 87 
800 347 34 55 
679 494 51 104 
897 272 42 45 
798 231 38 40 
609 391 95 90 
720 261 43 40 
762 454 45 94 
0 38 504 237 
904 354 27 59 
856 563 65 128 
786 303 22 38 
917 296 21 34 
957 289 25 37 
851 260 39 42 
599 317 85 61 
858 464 43 100 
831 220 36 33 
314 651 94 67 
1062 232 17 28 
2 
298 545 79 107 
628 608 80 107 
627 371 90 80 
828 336 31 54 
453 578 73 125 
862 339 34 62 
893 317 53 54 
992 394 41 74 
797 429 45 86 
818 299 53 47 
280 398 133 77 
692 422 39 85 
722 468 47 96 
638 540 62 91 
937 415 40 75 
888 433 39 91 
1018 338 35 62 
572 464 48 99 
0 38 506 238 
948 350 30 64 
834 212 34 31 
855 250 36 45 
1058 232 19 24 
942 502 54 96 
796 334 29 54 
761 323 30 48 
963 189 19 24 
902 292 20 31 
638 305 64 47 
961 273 27 49 
988 199 19 27 
733 257 43 35 
924 341 29 59 
804 227 37 34 
3 
667 589 71 121 
632 371 92 74 
997 386 39 76 
808 422 44 85 
490 563 69 116 
368 515 67 104 
300 391 144 69 
954 348 29 64 
893 315 53 54 
651 302 60 50 
708 417 39 82 
596 451 49 97 
874 336 29 60 
895 424 41 87 
1020 333 31 63 
768 315 26 54 
738 460 41 92 
836 334 30 53 
664 530 61 93 
944 408 38 74 
0 37 503 240 
821 296 50 49 
931 338 27 57 
805 331 29 52 
766 271 49 43 
834 210 36 32 
0 644 92 75 
959 480 45 102 
967 280 22 35 
1058 230 20 24 
857 251 36 42 
88 681 100 39 
738 257 38 32 
908 283 21 36 
4 
667 589 71 121 
632 371 92 74 
997 386 39 76 
808 422 44 85 
490 563 69 116 
368 515 67 104 
300 391 144 69 
954 348 29 64 
893 315 53 54 
651 302 60 50 
708 417 39 82 
596 451 49 97 
874 336 29 60 
895 424 41 87 
1020 333 31 63 
768 315 26 54 
836 334 30 53 
738 460 41 92 
664 530 61 93 
944 408 38 74 
0 37 503 240 
821 296 50 49 
931 338 27 57 
805 331 29 52 
766 271 49 43 
834 210 36 32 
0 644 92 75 
959 480 45 102 
967 280 22 35 
1058 230 20 24 
857 251 36 42 
88 681 100 39 
738 257 38 32 
908 283 21 36 
5 
695 571 67 121 
633 366 91 72 
723 407 39 82 
959 347 29 62 
1000 381 38 74 
896 312 50 53 
426 493 56 94 
952 402 37 74 
900 417 42 86 
69 616 100 103 
526 548 62 107 
620 443 48 88 
879 335 32 55 
749 453 47 93 
979 464 42 101 
686 516 57 95 
843 330 32 54 
935 336 28 55 
339 377 124 70 
814 329 27 51 
770 265 52 46 
1018 330 36 62 
656 299 59 52 
938 276 21 39 
778 312 24 55 
0 36 510 243 
972 277 19 37 
162 654 102 65 
913 279 21 37 
819 418 42 81 
833 210 35 29 
806 223 38 33 
739 252 42 37 
6 
139 585 90 120 
638 358 95 75 
207 629 111 88 
909 408 36 85 
1006 376 38 73 
552 530 62 107 
737 400 35 79 
954 394 38 75 
774 264 49 43 
0 493 84 145 
473 470 54 92 
644 431 46 87 
728 553 65 116 
850 324 29 56 
825 408 44 80 
761 447 45 87 
1022 326 32 56 
669 297 58 49 
993 447 44 98 
358 373 135 67 
964 338 32 65 
782 310 28 53 
898 310 51 51 
888 325 29 63 
708 502 51 98 
806 221 38 35 
0 36 508 242 
941 274 22 39 
821 325 28 53 
746 251 36 37 
825 289 49 48 
918 280 22 36 
962 189 21 24 
833 210 35 28 
940 329 26 58 
857 248 37 40 
972 276 21 38 
985 200 19 26 
7 
139 585 90 120 
638 358 95 75 
206 629 112 88 
909 408 36 85 
552 530 62 107 
737 400 35 79 
1006 376 38 72 
954 394 38 74 
774 264 49 43 
0 493 84 145 
473 470 54 92 
644 431 46 87 
728 553 65 116 
850 324 29 56 
825 408 44 80 
761 447 45 87 
669 297 58 49 
1022 326 32 56 
993 447 44 98 
358 373 135 67 
964 338 32 64 
782 310 28 53 
898 310 51 51 
888 326 29 62 
708 502 51 98 
806 221 38 35 
0 36 508 242 
941 274 22 39 
821 325 28 53 
825 289 49 48 
746 251 36 37 
918 280 22 36 
962 189 21 24 
940 329 26 58 
833 210 35 28 
972 276 21 38 
857 248 37 40 
985 200 19 26 
8 
214 558 79 115 
650 351 87 82 
271 604 95 112 
754 535 55 115 
961 389 38 70 
750 392 39 80 
1 467 146 165 
663 421 44 85 
1009 372 39 69 
777 264 48 39 
858 322 28 54 
1007 434 40 96 
677 289 57 51 
775 434 41 93 
1021 321 33 58 
912 404 39 80 
747 250 39 35 
578 519 60 96 
411 365 101 60 
808 221 39 33 
941 326 31 57 
835 399 42 83 
966 337 31 60 
789 307 28 53 
0 36 508 242 
828 321 27 56 
828 289 48 47 
896 329 31 53 
517 446 53 100 
728 494 53 93 
900 306 50 49 
942 274 24 37 
857 251 38 31 
9 
0 461 208 115 
656 346 81 74 
285 533 66 109 
764 387 38 74 
685 410 42 81 
328 576 87 129 
608 498 57 100 
783 523 56 103 
1019 418 41 94 
783 258 45 44 
905 322 25 57 
845 394 42 77 
565 429 46 91 
898 301 51 55 
829 286 47 46 
920 396 38 77 
788 434 42 78 
948 322 28 56 
1013 366 36 63 
435 354 101 59 
745 474 51 99 
966 384 40 65 
749 247 38 37 
0 35 508 244 
793 303 31 52 
864 321 29 52 
976 336 28 54 
839 318 28 51 
1022 319 32 49 
886 262 44 40 
685 282 63 55 
10 
0 461 208 115 
656 346 81 74 
285 534 66 108 
764 387 38 74 
685 410 42 81 
328 576 87 129 
608 498 57 100 
1019 418 41 94 
782 523 57 103 
783 258 45 44 
905 323 26 56 
845 394 42 77 
565 428 46 92 
829 286 47 47 
898 301 51 55 
920 396 38 77 
788 434 42 78 
948 322 28 56 
1013 366 36 64 
745 474 51 99 
435 354 101 59 
967 384 39 65 
749 247 38 37 
0 35 509 244 
793 303 30 52 
864 321 29 52 
976 336 28 54 
839 318 28 51 
1022 319 32 49 
886 263 44 39 
809 220 40 33 
11 
34 446 230 108 
377 556 77 119 
340 515 60 98 
596 417 46 84 
1028 411 40 85 
465 349 93 61 
805 505 49 107 
975 376 35 68 
897 298 52 54 
777 379 37 76 
662 343 84 71 
800 421 40 89 
703 399 40 83 
1018 360 35 66 
926 387 38 77 
633 486 48 98 
766 468 48 93 
954 322 29 51 
843 317 29 49 
853 385 36 81 
0 35 505 242 
784 257 45 43 
802 302 27 52 
694 280 57 53 
910 320 25 54 
952 269 21 36 
752 246 38 37 
831 286 44 43 
1010 204 16 27 
981 337 27 52 
885 263 41 36 
874 314 27 53 
1025 316 31 49 
12 
415 543 72 106 
789 374 36 72 
97 431 202 104 
782 458 43 96 
0 598 79 117 
809 421 43 80 
980 371 34 67 
860 382 38 74 
624 405 44 78 
897 296 53 50 
933 383 35 72 
651 473 50 100 
819 497 59 99 
719 398 41 75 
666 343 85 63 
481 341 91 55 
1019 355 35 68 
383 500 54 89 
958 317 29 52 
953 268 22 34 
879 312 26 52 
808 298 25 54 
987 331 29 49 
1037 405 37 78 
854 315 27 48 
0 36 508 243 
831 283 43 46 
913 318 30 51 
1026 311 31 50 
13 
415 543 72 106 
97 431 202 104 
789 374 36 72 
782 458 43 96 
0 598 79 117 
809 421 43 80 
980 371 34 67 
860 382 38 74 
624 405 44 78 
897 296 53 50 
933 383 35 72 
819 497 59 99 
651 473 50 100 
719 398 41 75 
666 343 85 63 
481 341 91 55 
1019 355 35 68 
383 500 54 89 
958 317 29 52 
953 268 22 34 
879 312 26 52 
808 298 25 54 
987 331 29 49 
1037 405 37 78 
854 315 27 48 
0 36 508 243 
831 283 43 46 
913 318 30 51 
1026 311 31 50 
14 
178 412 180 91 
477 516 64 101 
1024 347 32 65 
675 391 37 65 
684 458 44 91 
808 363 35 72 
121 555 94 98 
808 445 43 89 
871 372 39 72 
1051 386 36 75 
451 468 46 96 
987 365 38 60 
964 311 28 52 
676 334 79 64 
515 329 89 54 
741 387 41 71 
52 629 107 87 
826 410 40 75 
940 374 37 66 
991 324 32 52 
957 265 22 33 
835 277 41 47 
796 252 42 43 
925 313 25 51 
903 291 42 50 
0 36 507 243 
866 313 22 43 
817 296 28 49 
848 471 52 101 
759 240 39 33 
985 267 22 31 
892 314 23 43 
15 
218 404 176 82 
128 602 93 109 
196 529 80 94 
532 323 87 58 
507 503 58 93 
758 375 36 74 
489 451 44 98 
700 449 42 92 
698 379 39 65 
815 358 39 70 
876 368 40 70 
994 358 33 62 
1055 381 36 71 
821 436 45 89 
967 310 31 49 
1027 345 30 60 
948 366 33 66 
905 289 39 50 
829 410 47 70 
931 310 26 49 
677 328 79 67 
854 463 57 97 
868 305 26 49 
798 250 41 42 
835 276 43 43 
0 35 506 246 
960 263 21 33 
764 238 34 34 
985 265 21 33 
824 301 28 40 
994 323 33 48 
1031 301 28 51 
891 310 30 47 
16 
218 404 176 82 
128 602 93 109 
196 529 80 94 
532 324 87 57 
507 503 57 93 
758 375 36 74 
489 451 44 98 
700 449 42 92 
698 379 39 65 
815 358 39 70 
876 368 40 70 
994 358 33 62 
1055 381 36 71 
821 436 45 89 
967 310 31 49 
1027 345 30 60 
948 366 33 66 
905 289 39 50 
829 410 47 70 
931 310 26 49 
677 328 79 67 
854 463 57 97 
868 305 26 49 
798 250 41 42 
835 276 43 43 
0 35 506 246 
764 238 34 34 
960 262 21 34 
985 265 21 33 
824 301 28 40 
994 323 33 48 
1031 301 28 51 
891 310 30 47 
17 
272 387 152 86 
208 567 86 117 
1034 337 26 61 
885 362 38 65 
278 504 73 89 
952 361 34 64 
544 481 52 100 
528 436 45 88 
832 352 31 64 
770 371 40 68 
1001 354 30 58 
554 317 82 52 
875 453 52 95 
718 439 47 86 
684 324 77 65 
725 368 36 61 
937 303 25 51 
800 249 40 39 
765 237 36 33 
1004 315 27 51 
1063 371 33 66 
0 36 504 244 
839 421 37 93 
846 398 38 76 
904 287 42 48 
416 628 104 87 
904 308 21 41 
974 309 27 49 
880 306 20 41 
18 
282 540 71 108 
484 601 78 115 
312 380 147 75 
785 361 35 69 
841 346 31 65 
342 480 70 84 
1036 335 28 59 
1006 348 29 59 
572 471 52 90 
734 425 43 87 
958 353 34 64 
803 247 41 39 
572 311 79 53 
564 424 45 82 
900 285 48 44 
1069 358 32 66 
0 36 501 244 
891 444 46 89 
941 302 27 47 
852 415 38 88 
961 257 20 33 
891 356 41 66 
978 302 28 49 
909 307 20 40 
749 355 33 61 
884 251 39 33 
1010 319 23 36 
685 320 82 62 
839 295 23 40 
885 303 22 40 
946 256 20 32 
770 236 38 31 
19 
282 540 71 108 
484 601 78 115 
312 380 147 75 
785 361 35 69 
841 346 31 65 
342 480 70 84 
1036 335 28 59 
1006 348 29 59 
572 471 52 90 
734 425 43 87 
958 353 34 64 
803 247 41 39 
572 311 79 54 
900 285 48 44 
564 424 45 82 
1069 358 32 66 
0 36 501 244 
891 444 46 89 
941 302 27 47 
852 415 38 88 
961 257 20 33 
891 356 41 66 
978 302 28 49 
909 307 20 40 
749 355 33 61 
884 251 39 33 
1010 319 23 36 
685 320 82 62 
839 295 23 40 
885 303 22 40 
946 256 20 32 
770 236 37 31 
20 
333 524 68 99 
765 345 31 64 
523 578 71 129 
345 369 137 76 
594 456 50 92 
897 351 36 63 
963 351 32 61 
748 420 40 83 
863 409 37 83 
900 435 46 89 
391 460 62 87 
590 415 44 72 
797 356 33 67 
1036 328 32 59 
848 344 33 62 
982 299 26 49 
806 244 41 41 
0 35 501 246 
960 255 22 34 
884 251 41 32 
919 305 20 39 
889 303 24 39 
836 213 38 33 
947 305 23 39 
1076 350 28 66 
692 316 76 66 
1008 343 30 57 
1012 317 24 36 
989 256 22 34 
902 284 47 45 
844 294 23 40 
736 262 48 50 
771 232 37 36 
21 
811 347 30 67 
900 343 37 66 
858 335 29 65 
783 334 29 66 
375 503 64 96 
1037 324 33 58 
909 431 45 85 
553 559 66 119 
759 414 40 80 
618 445 48 92 
370 364 136 74 
1011 338 32 60 
874 408 36 76 
960 255 21 32 
807 243 41 42 
601 300 81 52 
966 344 32 61 
773 229 36 35 
434 445 56 86 
885 250 41 34 
1081 341 26 70 
0 37 507 241 
871 383 37 69 
986 304 25 38 
991 257 21 29 
947 297 30 46 
838 213 38 31 
621 402 43 77 
700 309 67 66 
22 
811 347 30 67 
900 343 37 66 
858 335 29 65 
783 334 29 66 
375 503 64 96 
909 431 45 85 
1037 324 33 58 
553 559 66 119 
759 414 40 80 
618 445 48 91 
370 364 136 74 
1011 338 32 60 
874 407 36 77 
960 255 21 32 
807 243 41 42 
601 300 81 52 
966 345 32 60 
434 445 56 86 
773 229 36 35 
1081 341 26 70 
885 250 41 34 
0 37 508 241 
871 383 37 69 
986 304 25 38 
991 257 21 29 
947 297 30 46 
838 213 38 31 
616 405 43 70 
23 
635 435 47 88 
907 340 32 62 
881 398 38 79 
918 421 44 86 
865 332 31 61 
771 408 41 79 
409 489 61 95 
396 356 135 70 
586 547 65 105 
639 394 42 73 
816 344 33 66 
619 298 63 52 
957 253 23 33 
471 431 57 82 
970 341 34 58 
875 374 34 67 
885 247 37 35 
1038 322 32 55 
854 290 24 39 
0 37 508 240 
774 228 38 35 
702 312 79 60 
1014 337 35 56 
809 240 38 41 
990 257 20 29 
746 256 47 48 
799 332 34 66 
955 290 24 50 
57 682 102 37 
990 301 24 39 
838 213 37 30 
927 292 20 41 
24 
909 339 35 57 
431 348 112 70 
654 421 47 93 
662 387 39 71 
780 400 39 80 
888 395 38 76 
447 476 58 86 
972 335 34 59 
811 325 30 60 
627 296 67 49 
827 340 32 60 
615 525 57 107 
706 306 74 61 
924 415 46 85 
957 251 23 32 
886 242 37 38 
779 228 33 31 
958 287 25 50 
858 289 25 38 
0 36 507 242 
882 371 36 69 
928 291 19 42 
509 638 93 74 
510 414 50 88 
870 330 36 56 
836 213 39 29 
813 241 34 35 
1019 309 23 35 
904 294 20 39 
752 258 45 43 
1019 242 21 28 
1040 316 31 53 
992 253 20 30 
25 
909 339 35 57 
431 348 112 70 
654 421 47 93 
662 387 39 71 
780 400 39 79 
888 395 38 76 
447 476 58 86 
972 335 34 59 
811 325 30 60 
627 296 67 49 
827 341 32 59 
615 525 57 107 
706 305 74 62 
924 415 46 85 
957 251 23 32 
886 242 37 38 
779 228 33 31 
958 287 25 50 
858 289 25 38 
882 371 36 69 
0 36 507 242 
928 291 19 42 
509 637 93 75 
510 414 50 88 
870 330 36 56 
836 213 39 29 
813 241 34 35 
1019 309 23 35 
904 294 20 39 
752 258 45 43 
1019 242 21 28 
1040 316 31 53 
992 253 20 30 
26 
468 340 92 68 
879 324 31 57 
238 601 93 113 
933 406 43 82 
676 417 42 84 
685 378 39 69 
491 451 46 98 
834 334 31 60 
648 508 53 100 
643 290 60 48 
914 334 36 55 
552 399 44 83 
899 387 36 74 
781 226 30 30 
548 607 77 106 
717 299 62 61 
906 293 21 37 
0 37 506 240 
1026 326 31 55 
962 291 26 38 
1065 258 18 29 
793 393 41 76 
928 292 22 39 
1089 326 28 57 
816 240 34 34 
837 212 36 29 
976 330 33 56 
883 238 38 39 
754 258 46 41 
777 673 91 45 
296 654 132 65 
999 294 24 36 
27 
324 567 76 120 
486 330 99 70 
382 624 92 95 
593 580 69 131 
804 384 36 76 
523 435 48 92 
981 325 30 58 
707 368 36 72 
922 328 31 54 
697 407 41 80 
782 225 31 28 
722 298 64 59 
651 287 59 45 
908 380 34 75 
969 290 24 35 
898 357 35 71 
587 387 43 78 
936 290 22 35 
803 635 84 79 
0 38 507 238 
676 489 48 102 
844 322 31 66 
888 321 30 52 
1000 293 26 33 
940 398 37 77 
1065 257 17 27 
912 292 21 32 
817 239 32 33 
758 251 41 44 
883 239 38 34 
961 244 22 34 
1031 321 29 57 
28 
324 566 76 121 
486 330 99 71 
382 624 92 95 
593 580 69 131 
523 435 48 92 
803 385 37 75 
981 325 30 58 
707 368 36 72 
922 328 31 54 
697 407 41 80 
782 225 31 28 
722 298 64 58 
651 287 59 45 
908 380 34 75 
969 290 24 35 
898 357 35 71 
587 387 43 78 
936 290 22 35 
803 635 83 79 
0 38 506 237 
676 489 48 102 
887 321 31 52 
1000 293 26 33 
844 322 31 66 
939 398 38 77 
1065 257 17 27 
817 239 32 33 
912 292 21 32 
758 251 41 44 
883 239 38 34 
961 244 22 34 
1030 321 30 57 
29 
387 539 68 114 
448 589 80 123 
556 422 46 89 
713 400 40 76 
515 324 84 66 
728 292 60 60 
837 605 63 110 
926 324 33 54 
727 359 35 71 
697 469 48 104 
631 564 61 115 
985 323 30 54 
783 223 32 29 
815 377 38 72 
855 325 28 55 
668 286 59 42 
914 373 36 71 
961 243 23 33 
0 38 509 238 
1064 255 19 26 
881 236 39 38 
949 389 35 75 
617 380 49 72 
993 244 21 31 
1065 353 32 56 
965 189 21 23 
848 261 40 40 
898 316 28 52 
832 201 38 34 
938 290 24 33 
30 
490 571 74 112 
436 520 59 107 
847 581 61 133 
582 411 43 85 
953 385 34 74 
522 324 93 61 
653 547 58 109 
640 371 43 68 
717 461 49 93 
924 372 32 67 
823 375 35 69 
862 320 28 56 
1063 254 20 25 
739 356 38 68 
962 241 22 33 
669 277 56 47 
929 319 31 56 
730 385 37 82 
986 316 32 55 
1065 348 29 57 
904 312 26 53 
0 38 509 237 
995 244 21 30 
914 355 31 56 
785 222 33 30 
937 282 27 37 
1019 230 18 27 
846 259 43 38 
880 238 42 31 
729 292 62 56 
974 282 25 36 
966 188 21 24 
834 201 37 32 
1040 239 21 24 
767 251 45 41 
31 
490 571 74 113 
436 520 59 107 
847 581 61 133 
582 411 43 85 
953 385 34 74 
522 324 93 61 
653 547 58 109 
640 371 43 68 
717 461 49 93 
924 372 33 67 
823 375 35 69 
862 320 28 56 
1063 254 20 25 
739 356 38 68 
962 241 22 33 
669 277 56 47 
929 319 31 56 
730 385 37 82 
986 316 32 55 
1065 348 29 57 
904 312 26 53 
0 38 509 237 
995 244 21 30 
914 355 31 56 
785 222 33 30 
937 282 27 37 
1019 230 18 27 
846 259 43 38 
880 238 42 31 
729 292 62 56 
974 282 25 36 
966 188 21 24 
834 201 37 32 
1040 239 21 24 
32 
530 549 69 108 
663 362 39 67 
600 403 42 82 
539 318 90 63 
739 386 38 75 
827 369 40 69 
735 448 43 91 
474 502 57 97 
864 561 54 130 
680 533 55 108 
756 348 32 65 
957 380 33 75 
1063 342 32 58 
936 315 29 53 
680 274 49 45 
868 316 30 53 
991 315 28 53 
929 360 33 72 
996 242 20 31 
965 239 20 34 
771 248 41 42 
1019 229 17 28 
851 255 38 39 
881 237 40 31 
0 37 508 240 
941 239 18 34 
1062 252 20 27 
975 280 25 36 
734 284 64 60 
909 310 29 50 
938 280 28 37 
834 201 33 31 
819 235 41 32 
33 
626 393 41 76 
961 373 34 71 
1064 338 31 58 
753 433 47 92 
557 314 83 56 
569 527 61 99 
518 478 54 102 
839 365 37 65 
741 284 58 56 
700 518 55 97 
684 355 40 67 
755 375 36 85 
934 362 35 63 
879 544 54 114 
906 264 39 41 
0 38 505 237 
991 311 32 50 
996 241 20 30 
834 200 35 30 
966 239 20 32 
880 236 40 31 
941 313 29 50 
942 239 18 31 
1019 228 17 27 
877 314 27 50 
980 278 24 35 
924 345 34 51 
257 660 105 59 
1093 361 31 61 
915 309 24 39 
34 
626 393 41 76 
961 373 34 71 
1064 338 31 58 
753 433 46 93 
557 314 83 56 
569 527 61 100 
839 365 37 65 
518 478 53 102 
740 283 59 57 
700 518 55 97 
684 355 40 67 
755 375 36 84 
934 362 35 63 
879 544 54 114 
906 264 39 41 
991 311 32 50 
0 38 505 237 
996 242 20 29 
834 200 35 30 
966 239 20 32 
880 236 40 31 
940 313 30 50 
942 239 18 31 
1019 228 17 27 
877 314 27 50 
980 278 24 35 
924 345 34 51 
257 660 105 59 
915 309 24 39 
35 
647 382 40 78 
764 372 37 73 
704 346 33 66 
572 310 79 55 
599 514 57 97 
782 334 32 63 
846 358 35 68 
767 423 48 89 
962 368 35 72 
550 463 49 104 
1064 332 32 58 
319 625 98 88 
1064 244 18 28 
929 341 29 57 
0 38 506 237 
995 240 22 29 
1016 226 20 27 
964 239 24 29 
905 263 41 39 
1036 228 20 27 
792 216 32 27 
742 282 62 52 
883 309 26 51 
694 271 56 42 
722 503 53 96 
825 227 34 34 
984 277 23 33 
943 239 19 29 
877 236 43 29 
949 276 24 36 
1098 297 26 50 
962 187 22 23 
996 308 31 45 
834 201 34 28 
940 310 29 49 
888 528 54 111 
940 360 34 61 
948 361 38 69 
36 
380 598 81 117 
782 419 42 80 
664 376 39 74 
851 355 39 67 
582 305 82 57 
777 365 35 76 
748 281 59 51 
583 443 45 105 
621 497 58 95 
1067 329 28 54 
718 340 37 62 
703 262 48 49 
792 330 32 64 
890 301 24 53 
0 38 504 236 
792 215 31 27 
895 518 51 97 
779 240 38 40 
1090 351 28 63 
955 359 35 64 
827 225 36 35 
935 340 31 55 
1063 244 19 25 
1034 227 23 26 
961 239 25 27 
740 478 39 115 
834 200 34 27 
961 187 22 24 
929 227 21 33 
939 309 24 36 
37 
380 598 81 117 
782 419 42 80 
664 376 39 74 
851 355 39 67 
582 305 82 57 
777 365 35 76 
748 281 59 51 
583 443 45 105 
621 497 58 95 
1067 329 28 54 
718 340 37 62 
703 262 48 49 
792 330 32 64 
890 301 24 53 
0 38 504 236 
792 215 31 27 
895 518 51 97 
779 240 38 40 
1090 351 28 63 
955 359 35 64 
827 225 36 35 
935 340 31 55 
1063 244 19 25 
1034 227 23 26 
961 239 25 27 
740 478 39 115 
834 200 34 27 
961 187 22 24 
929 227 21 33 
939 309 24 36 
38 
788 361 37 69 
685 368 37 72 
861 350 35 64 
797 407 43 80 
615 432 44 97 
737 332 32 62 
435 568 69 119 
756 468 42 106 
806 324 28 59 
596 298 80 56 
905 495 51 101 
0 38 505 237 
1062 244 18 24 
652 477 50 101 
1088 345 26 68 
754 272 54 57 
956 349 29 64 
895 299 27 50 
711 260 42 44 
850 249 43 36 
972 360 31 63 
1034 227 21 25 
1067 323 28 55 
833 198 38 28 
940 307 25 35 
792 213 32 25 
829 226 34 30 
1005 307 25 36 
783 238 32 35 
39 
701 361 33 70 
810 401 41 75 
640 419 40 97 
753 328 28 56 
608 296 76 53 
800 355 35 70 
815 320 30 59 
866 347 35 61 
671 468 48 92 
757 268 53 59 
769 462 44 94 
1060 242 19 26 
0 39 516 236 
716 257 50 45 
474 551 62 105 
829 225 35 32 
916 483 44 100 
994 232 20 27 
834 198 36 28 
1029 227 22 24 
1068 321 31 52 
935 229 19 32 
960 346 31 60 
792 213 30 27 
902 302 25 39 
1083 228 22 28 
40 
700 361 35 70 
810 401 41 75 
640 419 40 98 
753 328 28 56 
608 296 77 53 
800 355 35 70 
815 320 30 59 
866 347 35 62 
671 467 48 93 
757 268 53 59 
769 462 45 94 
1060 242 20 26 
0 38 516 237 
716 257 50 45 
474 551 61 105 
829 225 35 32 
916 483 43 100 
834 198 36 28 
994 232 21 27 
1068 321 31 52 
935 229 19 32 
1029 227 22 25 
960 346 31 60 
792 213 30 27 
902 302 25 39 
41 
714 357 35 67 
658 415 42 86 
765 321 28 60 
622 292 68 55 
809 352 34 66 
820 393 42 75 
505 526 61 105 
720 256 46 44 
759 268 52 52 
780 450 41 99 
919 470 45 99 
691 454 49 91 
883 227 33 31 
1059 242 20 26 
0 38 515 237 
872 343 35 62 
934 228 19 30 
901 258 44 40 
975 346 32 63 
947 325 34 53 
1073 315 27 55 
447 671 108 49 
994 232 20 26 
1088 340 26 55 
963 338 28 59 
1082 228 23 28 
995 270 22 30 
42 
733 348 30 65 
835 384 37 70 
684 402 38 84 
880 339 32 59 
780 316 29 54 
712 444 45 84 
794 441 42 92 
549 509 52 97 
765 268 53 49 
928 455 43 98 
636 287 68 54 
821 346 36 66 
725 257 42 42 
834 311 28 54 
506 637 88 76 
882 228 34 28 
0 38 506 239 
916 294 23 38 
951 325 30 48 
789 214 33 26 
973 338 31 62 
1012 299 21 33 
43 
733 348 30 65 
835 384 37 70 
684 402 38 84 
880 339 32 59 
780 316 28 54 
712 444 45 84 
794 441 42 92 
549 509 52 97 
765 268 53 49 
928 455 43 98 
636 287 68 54 
725 257 42 42 
821 346 36 66 
834 311 28 54 
506 638 88 75 
882 228 34 28 
0 38 505 239 
916 294 23 38 
951 325 30 47 
789 214 33 26 
973 338 31 62 
1012 299 21 33 
825 191 37 27 
44 
700 392 39 84 
887 333 31 62 
845 376 39 68 
729 434 41 81 
806 432 38 90 
642 285 65 52 
743 343 34 63 
539 609 83 105 
791 311 26 55 
932 445 45 97 
828 341 34 67 
770 263 51 49 
574 494 53 92 
1015 296 19 33 
979 335 32 62 
0 38 506 237 
1084 333 30 59 
0 628 71 92 
919 292 25 37 
958 297 27 32 
960 231 23 26 
882 228 34 26 
904 253 44 39 
840 308 31 50 
953 321 31 46 
1081 229 24 27 
45 
14 601 123 115 
754 338 31 61 
580 589 68 126 
854 370 37 69 
836 340 34 62 
716 383 39 81 
652 283 65 49 
744 425 42 79 
596 474 52 98 
799 308 29 50 
890 331 34 59 
773 261 53 50 
982 333 33 59 
816 424 46 86 
1085 332 30 57 
959 317 28 49 
1014 296 21 30 
0 37 507 240 
902 252 46 37 
959 229 24 26 
881 225 35 28 
963 296 23 31 
859 244 29 32 
737 253 37 38 
937 433 40 95 
1051 360 39 61 
46 
14 601 123 115 
754 338 31 61 
580 589 68 126 
853 370 38 69 
836 340 34 62 
716 383 39 81 
652 283 66 49 
744 425 42 79 
596 474 52 98 
890 331 34 59 
799 308 29 50 
773 261 53 50 
982 333 33 59 
817 424 45 86 
1085 332 30 57 
959 317 28 49 
1014 296 21 30 
902 252 46 37 
0 37 507 240 
959 229 24 26 
881 225 35 28 
963 296 23 31 
1051 360 39 61 
859 244 29 32 
937 433 40 95 
737 253 37 38 
47 
7 574 193 138 
864 365 36 66 
768 333 29 60 
620 461 49 93 
732 378 35 77 
758 412 38 83 
602 568 68 127 
775 260 52 49 
810 303 27 51 
825 416 37 85 
1086 330 28 52 
845 338 28 60 
963 312 27 50 
658 282 69 48 
897 329 31 54 
944 428 38 91 
879 223 38 29 
985 327 31 54 
902 251 45 36 
834 217 32 30 
1049 355 35 59 
0 37 508 240 
858 243 31 32 
956 227 26 28 
857 299 27 51 
1081 230 23 26 
1013 291 23 31 
48 
0 547 253 131 
636 555 58 119 
836 409 37 81 
667 275 62 51 
946 418 40 93 
778 327 28 59 
871 356 36 67 
818 295 27 55 
851 329 29 66 
904 325 27 57 
643 449 48 90 
988 326 34 54 
1084 319 28 60 
903 250 44 36 
877 223 41 27 
745 370 39 74 
781 256 49 47 
769 409 40 74 
963 311 30 48 
1045 349 33 64 
932 283 22 36 
1016 286 22 33 
66 681 96 38 
0 37 510 239 
837 215 31 30 
1081 229 23 27 
862 296 28 50 
825 187 34 25 
744 248 45 38 
857 241 34 31 
956 226 27 28 
1056 232 18 28 
49 
0 547 253 131 
636 555 58 119 
836 409 37 81 
667 275 62 51 
946 418 40 93 
778 327 28 59 
871 356 36 67 
818 295 27 55 
851 329 29 66 
904 324 27 58 
643 449 48 90 
987 326 35 54 
1084 320 28 59 
903 250 44 36 
877 223 41 27 
745 370 39 74 
781 256 49 47 
769 409 40 74 
963 311 30 48 
1045 349 33 64 
932 283 22 36 
1016 286 22 33 
66 681 96 38 
0 37 510 239 
837 215 31 30 
1081 229 23 27 
862 296 28 50 
825 187 34 25 
744 248 45 38 
857 241 34 31 
956 226 27 28 
50 
21 524 294 134 
790 321 25 61 
678 272 56 52 
653 538 62 112 
663 438 40 86 
882 353 33 62 
908 320 29 58 
859 327 32 61 
783 398 33 77 
757 366 36 72 
1085 311 26 63 
901 249 43 35 
939 279 22 35 
880 222 39 28 
837 213 32 32 
952 415 40 86 
1015 284 22 31 
746 245 42 39 
783 254 48 49 
845 401 39 80 
999 324 32 57 
826 295 28 49 
163 652 106 68 
0 38 511 238 
990 320 31 57 
868 297 25 38 
858 238 33 32 
966 305 25 51 
1038 350 37 56 
956 224 25 28 
1037 270 22 28 
989 269 19 29 
51 
96 513 256 105 
865 323 30 60 
889 345 30 65 
681 524 56 105 
679 426 46 85 
230 618 96 100 
900 247 46 37 
956 406 41 83 
768 358 33 70 
683 271 56 49 
851 393 36 80 
1087 312 25 56 
792 388 34 76 
908 319 34 55 
1003 321 33 55 
1015 283 21 29 
942 278 22 34 
859 237 31 32 
1037 346 35 58 
836 214 33 29 
785 253 48 50 
836 291 26 48 
797 319 32 55 
751 242 37 39 
0 38 510 237 
874 292 26 38 
1063 283 22 29 
882 222 37 28 
967 303 27 49 
991 313 26 52 
52 
97 513 255 105 
865 323 30 60 
889 345 30 66 
681 524 56 105 
679 426 46 85 
230 618 96 100 
900 247 46 37 
768 358 33 70 
956 406 41 83 
851 393 36 80 
683 271 56 49 
1087 312 25 56 
792 388 34 76 
908 319 34 55 
1003 321 33 55 
1015 283 21 30 
942 278 22 34 
859 237 31 32 
1037 346 35 58 
836 214 33 29 
785 253 48 50 
836 291 26 48 
797 319 32 55 
0 38 510 237 
751 242 37 39 
1063 283 22 29 
874 292 26 38 
882 222 37 28 
967 303 27 49 
991 313 26 52 
53 
158 495 227 102 
296 588 87 119 
691 271 57 47 
699 508 52 106 
696 418 43 81 
808 312 25 57 
782 352 32 64 
899 245 44 38 
914 315 33 55 
803 383 35 72 
858 388 38 76 
868 323 31 55 
1085 311 27 55 
1038 342 32 57 
960 399 40 81 
844 292 24 40 
860 236 30 31 
1000 313 27 57 
756 240 35 40 
943 276 22 32 
0 38 511 236 
1018 281 23 30 
980 282 20 31 
878 290 27 38 
895 344 33 56 
1063 281 22 30 
789 248 41 50 
955 219 22 28 
885 219 34 28 
54 
238 473 198 91 
906 336 30 59 
816 373 35 69 
1037 338 30 58 
723 489 50 101 
384 556 77 99 
718 404 44 79 
901 242 38 38 
820 306 27 55 
792 248 44 49 
701 265 56 46 
870 380 37 74 
793 343 34 66 
978 304 22 37 
881 216 38 30 
881 317 28 54 
0 38 513 236 
966 391 40 78 
1007 310 27 53 
924 311 27 54 
1087 310 27 52 
984 277 22 34 
953 217 26 27 
840 212 32 28 
856 286 24 41 
1067 367 41 61 
55 
238 473 198 91 
906 336 30 59 
816 374 35 68 
1037 338 30 58 
723 489 50 101 
718 404 44 79 
384 556 76 99 
901 242 38 38 
792 248 44 49 
820 306 27 55 
701 265 56 46 
870 380 37 74 
793 343 34 66 
978 304 22 37 
881 216 38 30 
881 317 28 54 
0 38 513 236 
966 391 40 78 
1007 311 27 51 
924 311 27 54 
1087 310 27 52 
984 278 22 33 
953 217 26 27 
1067 367 41 61 
856 286 24 41 
840 212 32 28 
56 
734 394 38 79 
885 313 28 57 
805 338 30 61 
274 457 190 94 
1060 362 40 62 
912 333 30 57 
794 248 45 47 
970 382 37 79 
955 215 23 29 
710 261 49 50 
829 301 26 54 
1036 335 28 57 
429 530 72 108 
876 374 36 72 
862 276 24 50 
901 240 38 38 
896 280 23 39 
979 303 22 36 
822 372 37 62 
954 264 18 39 
926 309 31 52 
880 216 39 27 
739 471 42 106 
1086 307 30 54 
0 38 515 237 
764 235 33 37 
824 187 32 23 
57 
745 387 42 74 
834 361 32 67 
812 332 28 62 
1055 358 39 64 
888 310 29 55 
321 446 170 85 
882 367 34 72 
749 464 46 100 
918 330 32 53 
717 258 50 49 
837 299 26 53 
883 215 37 28 
795 247 45 44 
870 278 21 40 
1009 301 25 51 
1036 325 25 63 
971 378 37 76 
956 216 23 25 
0 38 515 237 
959 265 19 35 
1087 301 28 57 
762 234 36 38 
1028 268 20 31 
898 280 23 38 
986 269 21 35 
982 296 20 40 
900 240 41 35 
1064 272 23 32 
863 234 27 27 
1013 254 19 29 
932 305 30 51 
58 
745 387 42 74 
834 361 32 67 
812 332 28 62 
1055 358 39 64 
888 310 29 55 
321 446 170 85 
882 367 35 72 
749 464 46 100 
918 330 32 53 
717 258 50 49 
837 299 26 53 
883 215 37 28 
795 247 45 44 
870 278 21 40 
1009 301 25 51 
1036 325 25 63 
971 378 37 76 
956 216 23 25 
0 38 515 237 
959 265 19 35 
1087 301 28 57 
762 234 36 38 
1028 268 20 31 
898 280 23 38 
986 269 21 35 
982 296 20 40 
900 240 41 35 
1064 272 23 32 
1013 254 19 29 
863 234 27 27 
932 305 30 51 
59 
757 379 38 76 
887 363 36 69 
974 373 36 72 
720 255 51 51 
797 244 45 44 
762 451 45 98 
925 325 28 54 
1088 303 29 52 
1051 357 39 63 
1037 324 26 59 
892 308 30 54 
842 356 33 66 
820 326 29 61 
353 434 164 84 
954 215 24 25 
843 294 27 53 
882 213 38 27 
1063 268 23 34 
901 278 25 37 
861 230 28 29 
985 292 20 40 
1011 304 23 40 
900 237 44 37 
1027 266 21 33 
824 185 32 24 
195 677 126 42 
762 232 37 37 
0 37 516 239 
1038 229 23 26 
878 276 22 37 
3 683 78 37 
990 270 19 33 
960 262 21 35 
503 499 69 90 
60 
774 444 42 93 
1049 349 36 64 
723 255 50 47 
389 423 155 79 
829 321 27 59 
975 369 37 69 
769 375 40 69 
895 359 33 67 
851 351 32 60 
798 242 46 45 
987 289 22 40 
862 228 27 29 
955 213 22 26 
1013 301 22 40 
1090 299 27 53 
881 213 39 25 
1064 265 23 36 
852 201 35 28 
1037 322 27 56 
907 275 22 37 
900 236 43 38 
992 265 20 35 
880 274 19 37 
362 679 94 40 
271 645 103 70 
933 320 27 55 
1034 255 21 33 
0 37 509 239 
1006 203 22 28 
962 253 20 38 
544 481 60 85 
1039 224 23 29 
1013 251 20 31 
899 304 26 52 
824 186 31 22 
853 294 21 45 
1026 262 22 33 
61 
774 444 42 93 
1049 349 36 64 
723 255 50 47 
389 423 155 79 
829 321 27 59 
975 369 37 69 
769 375 40 69 
895 359 33 67 
851 351 32 60 
798 242 46 45 
987 289 22 40 
862 228 27 29 
955 213 22 26 
1013 301 22 40 
1090 299 27 53 
881 213 39 25 
1064 265 23 36 
852 201 35 28 
1037 322 27 56 
907 275 22 37 
900 236 43 38 
992 265 20 35 
880 274 19 37 
362 679 94 40 
271 645 103 70 
933 320 27 55 
1034 255 21 33 
0 37 509 239 
1006 203 22 28 
962 253 20 38 
544 481 60 85 
1039 224 23 29 
1013 251 20 31 
899 304 26 52 
824 186 31 22 
853 294 21 45 
1026 262 22 33 
62 
428 410 141 80 
789 435 38 84 
1048 344 32 65 
938 313 28 56 
342 608 87 105 
801 235 42 48 
731 251 47 47 
891 269 21 39 
902 350 31 66 
783 365 37 69 
863 226 25 29 
191 608 87 106 
904 301 26 52 
980 362 33 68 
838 315 25 59 
861 341 30 62 
582 459 52 91 
989 286 23 41 
1064 264 24 35 
420 643 95 77 
875 213 43 24 
862 293 22 42 
1089 294 28 53 
966 252 19 38 
1032 255 22 35 
1039 311 24 60 
0 38 506 236 
822 186 35 22 
900 236 42 35 
1007 202 20 28 
954 211 22 26 
1016 293 23 46 
850 203 36 27 
993 262 20 33 
1034 224 22 29 
912 271 22 34 
986 203 20 26 
1080 228 22 35 
767 226 36 38 
63 
906 344 30 67 
795 424 43 87 
400 581 72 125 
867 339 32 60 
736 250 43 47 
804 236 41 46 
844 313 25 56 
794 357 33 70 
463 622 78 95 
444 397 146 78 
864 226 25 29 
609 444 49 93 
906 298 27 52 
896 269 21 37 
251 577 82 132 
1091 287 24 56 
1046 343 31 63 
967 252 19 37 
867 288 23 43 
981 357 34 67 
1034 254 23 34 
1065 261 23 36 
943 311 31 53 
1016 288 25 49 
1003 201 22 28 
1041 310 26 57 
0 38 509 236 
880 212 38 25 
769 227 39 35 
988 287 24 38 
823 185 33 22 
1079 228 23 34 
919 271 22 33 
994 262 19 34 
959 207 21 25 
986 203 21 25 
898 235 42 35 
848 203 32 27 
64 
906 344 30 67 
795 424 43 87 
400 581 72 125 
867 339 32 60 
736 250 43 47 
804 236 41 46 
844 313 25 56 
794 357 33 70 
463 622 78 95 
444 397 146 78 
864 226 25 29 
609 444 49 93 
906 298 27 52 
251 577 82 132 
896 269 21 37 
1091 286 24 57 
967 252 19 37 
1046 343 31 63 
867 288 23 43 
981 357 34 67 
1034 254 23 34 
1065 261 23 36 
943 311 31 53 
1016 288 25 49 
1003 201 22 28 
1041 310 26 56 
0 38 509 236 
880 212 38 25 
769 227 39 35 
988 287 24 38 
823 185 33 22 
1079 228 23 34 
919 271 22 33 
994 262 19 34 
959 207 21 25 
898 235 42 35 
986 203 21 25 
848 203 33 27 
65 
452 556 68 117 
805 351 34 65 
485 389 129 75 
506 597 76 114 
807 415 41 85 
808 234 38 43 
864 223 25 29 
878 333 31 58 
1091 284 25 55 
852 306 25 55 
916 266 22 33 
914 340 29 63 
739 250 44 42 
772 225 37 34 
911 294 25 53 
642 431 47 85 
1047 330 30 69 
326 552 68 118 
967 251 20 37 
1033 254 23 33 
960 207 21 23 
1097 368 43 71 
953 301 28 55 
898 265 21 34 
1019 291 22 38 
991 281 21 39 
897 229 43 37 
0 38 512 237 
1002 201 22 28 
822 185 33 22 
1034 219 23 27 
1065 256 22 36 
66 
815 345 29 67 
748 247 39 44 
493 535 64 111 
917 340 32 58 
662 418 44 86 
815 407 39 80 
912 266 23 31 
863 224 26 27 
961 206 21 23 
376 532 66 110 
857 304 25 52 
1035 252 21 32 
500 381 135 72 
887 328 28 57 
955 301 30 53 
1090 282 27 54 
810 235 38 39 
992 279 23 37 
0 37 510 239 
777 226 35 33 
537 575 64 115 
511 381 126 73 
898 229 40 37 
1066 255 23 35 
995 253 21 33 
967 250 22 34 
880 281 22 43 
1034 217 22 28 
1002 201 22 26 
938 226 16 31 
1048 318 27 75 
965 243 19 32 
1019 289 21 36 
1094 365 36 65 
985 204 20 24 
67 
815 345 29 67 
748 247 39 44 
493 535 64 111 
917 340 32 58 
662 418 44 86 
815 407 39 80 
912 266 23 31 
863 224 26 27 
961 206 21 24 
376 532 66 110 
857 304 25 52 
1035 252 21 32 
500 381 135 72 
887 328 28 57 
955 301 30 53 
1090 282 27 54 
810 235 38 39 
992 279 23 37 
0 37 509 239 
777 226 35 33 
537 575 64 115 
898 229 40 37 
512 381 125 73 
1066 255 23 35 
995 253 21 33 
967 250 22 34 
880 281 22 43 
1034 217 22 28 
1002 201 22 26 
938 226 16 31 
1048 318 27 75 
965 243 19 32 
1094 365 36 65 
1019 289 21 36 
985 204 20 24 
68 
748 246 42 42 
822 400 41 79 
531 515 59 107 
419 513 60 105 
891 325 28 55 
680 410 45 82 
921 333 31 61 
527 371 121 72 
865 301 24 52 
774 224 39 30 
887 280 21 38 
964 299 28 52 
565 558 62 120 
862 223 27 27 
959 206 23 22 
897 228 41 36 
811 233 39 38 
822 344 34 56 
1048 316 28 75 
966 242 19 34 
0 37 509 239 
1034 252 23 30 
994 252 21 33 
918 290 26 50 
915 262 24 33 
993 279 26 34 
1067 253 22 34 
1087 279 29 55 
987 340 30 61 
1012 241 21 31 
69 
830 337 30 60 
830 393 40 75 
456 499 59 94 
749 243 44 42 
698 400 43 81 
557 369 105 65 
959 205 25 22 
891 277 24 39 
897 321 29 53 
867 297 28 52 
966 241 22 33 
551 369 109 60 
918 257 24 33 
989 340 30 58 
590 542 56 112 
1048 317 28 69 
0 38 508 238 
926 333 27 56 
1067 251 21 36 
1088 271 26 60 
897 228 43 34 
1034 249 22 32 
553 505 65 90 
863 222 26 27 
990 251 21 30 
1031 215 22 28 
812 233 41 38 
920 285 27 53 
1011 240 20 32 
1004 279 22 36 
1000 199 23 26 
1083 351 35 80 
994 281 27 32 
70 
830 337 30 60 
830 393 40 75 
456 499 60 94 
749 243 44 42 
698 400 43 81 
959 205 25 22 
557 369 105 65 
891 277 24 39 
897 321 29 53 
552 369 108 60 
867 297 28 52 
966 241 22 33 
918 257 24 33 
989 340 30 58 
1048 318 28 68 
926 332 27 57 
590 542 56 112 
0 38 508 238 
1088 271 26 60 
1067 251 21 36 
897 228 43 34 
863 222 26 27 
553 505 65 90 
990 251 21 30 
1031 214 22 29 
1034 249 22 32 
812 233 41 38 
1011 240 20 32 
920 285 27 53 
1004 279 22 36 
1000 199 23 27 
1082 352 36 79 
994 280 27 33 
71 
838 384 39 74 
932 323 27 60 
838 331 30 62 
568 359 108 68 
905 314 26 56 
754 240 41 42 
718 394 43 75 
586 486 58 98 
567 363 107 61 
862 220 24 25 
920 254 23 34 
497 480 51 98 
967 238 21 34 
1048 302 33 80 
958 204 26 22 
893 275 27 37 
1010 240 20 32 
0 37 509 240 
284 675 108 44 
812 233 43 37 
1066 249 23 34 
1028 281 20 35 
1001 280 23 32 
1036 243 22 33 
988 249 21 31 
895 227 44 34 
938 226 18 27 
72 
935 321 27 59 
732 384 42 74 
845 376 39 75 
760 240 36 40 
1048 303 33 77 
586 357 99 56 
844 329 31 54 
0 38 500 237 
911 312 26 54 
958 204 25 22 
967 239 22 33 
1030 278 20 36 
1089 270 27 55 
524 469 58 92 
611 470 46 98 
635 521 53 101 
861 220 24 24 
1008 238 20 34 
921 251 23 34 
581 349 109 71 
1036 241 21 36 
990 328 32 57 
880 295 22 41 
893 225 45 35 
1066 246 21 38 
993 243 21 33 
964 283 25 35 
877 205 40 22 
1000 278 23 31 
73 
935 321 27 59 
732 384 42 74 
845 376 39 75 
760 240 36 40 
1048 303 33 77 
586 357 99 56 
844 329 31 54 
0 38 500 237 
911 312 26 54 
958 204 25 22 
967 239 22 33 
1030 278 20 36 
1089 270 27 55 
524 469 58 92 
611 470 46 98 
635 521 53 101 
861 220 24 24 
1008 238 20 34 
921 251 23 34 
581 349 109 71 
1036 241 21 36 
990 328 32 57 
880 295 22 41 
893 225 45 35 
1066 246 21 38 
993 243 21 33 
964 283 25 35 
877 205 40 22 
1000 278 23 31 
74 
854 371 35 72 
601 350 99 57 
853 325 29 55 
633 456 50 94 
553 447 52 96 
652 509 44 104 
745 379 43 74 
762 237 36 41 
968 240 20 31 
1048 307 33 68 
399 607 82 107 
1089 269 28 52 
885 292 23 40 
0 38 510 236 
1031 277 20 35 
966 282 25 34 
993 244 20 30 
903 268 20 38 
1036 243 23 33 
928 252 24 32 
916 309 28 52 
987 297 23 36 
952 204 28 22 
932 315 31 54 
612 345 88 63 
994 329 32 54 
894 224 42 36 
816 228 44 38 
861 218 27 25 
988 204 20 24 
858 191 24 25 
75 
447 580 73 128 
761 370 36 73 
861 318 28 60 
859 367 36 70 
934 310 30 56 
652 446 52 92 
862 215 22 27 
616 345 91 53 
582 436 48 91 
764 236 37 40 
909 267 20 36 
620 340 92 64 
1037 242 23 32 
991 242 18 32 
0 40 512 233 
1048 305 33 69 
888 288 25 40 
818 227 42 39 
970 238 20 32 
995 319 31 61 
1032 279 21 31 
993 295 21 34 
969 280 26 34 
956 202 23 22 
988 204 18 23 
932 251 23 31 
1065 240 23 39 
671 498 44 97 
892 223 45 35 
76 
447 580 73 128 
861 318 28 60 
761 370 36 73 
859 367 36 70 
933 310 31 56 
652 446 52 92 
862 215 22 27 
616 345 91 53 
582 436 48 91 
764 237 37 39 
909 266 20 37 
619 340 93 64 
1037 242 23 32 
991 242 18 32 
0 40 512 233 
1048 305 33 69 
888 288 25 40 
995 319 31 61 
818 227 41 39 
970 238 20 32 
1032 279 21 31 
993 295 21 34 
987 204 19 23 
969 280 26 34 
956 202 23 22 
1065 240 23 39 
932 251 23 31 
893 223 44 36 
671 498 44 97 
77 
864 359 36 68 
490 562 63 117 
867 316 31 54 
669 433 51 95 
604 422 52 92 
989 241 21 32 
860 213 24 26 
687 479 43 107 
935 309 38 52 
768 238 42 36 
631 339 94 56 
1035 242 24 30 
0 39 510 234 
913 267 21 34 
771 366 41 64 
1088 255 31 62 
820 226 39 38 
937 279 23 33 
970 237 21 32 
1064 240 24 36 
953 201 25 23 
78 
533 537 60 110 
771 234 39 38 
707 470 39 98 
872 351 35 67 
637 408 41 90 
692 422 50 89 
989 241 20 30 
876 308 25 59 
784 356 40 67 
916 264 23 35 
861 212 21 24 
940 278 23 34 
822 224 40 35 
645 333 84 49 
1035 241 23 29 
1090 255 30 59 
0 39 515 236 
977 277 21 35 
1064 239 23 35 
939 243 19 32 
971 238 20 29 
79 
533 537 60 110 
771 234 39 38 
707 470 39 98 
872 351 35 67 
637 408 42 90 
692 422 50 89 
989 241 20 30 
876 308 25 59 
784 356 40 67 
916 264 23 35 
861 212 21 24 
940 278 23 34 
822 224 40 35 
645 333 85 49 
1035 241 23 29 
1090 256 30 58 
0 39 514 236 
977 277 21 35 
1064 239 23 35 
939 243 19 32 
971 238 20 30 
80 
878 343 32 69 
772 231 39 40 
655 404 44 83 
573 633 79 80 
798 349 34 65 
1002 310 29 55 
989 240 18 30 
559 521 58 101 
721 460 43 93 
659 326 87 54 
881 307 27 53 
824 221 38 38 
917 262 23 36 
948 302 29 52 
1066 240 20 33 
711 417 42 83 
1092 256 27 57 
1035 267 20 35 
861 211 22 25 
1018 240 18 28 
943 278 22 34 
1041 241 19 27 
1058 316 32 73 
942 243 18 30 
0 39 514 238 
978 276 22 34 
906 280 20 37 
81 
885 339 34 64 
625 590 76 126 
956 301 27 49 
733 400 41 89 
773 232 38 36 
893 305 27 48 
685 392 40 79 
980 269 20 34 
1006 308 29 50 
809 340 38 64 
0 40 515 232 
602 494 46 100 
66 674 101 44 
1037 267 19 31 
823 220 38 36 
741 445 36 94 
946 278 21 35 
987 240 18 27 
1092 257 27 52 
675 319 83 51 
1014 282 19 33 
968 230 17 29 
1048 350 33 67 
944 240 17 29 
1057 326 34 57 
1064 239 22 30 
919 263 22 34 
862 211 23 24 
912 278 21 33 
673 318 87 57 
1015 240 17 28 
82 
885 339 34 64 
625 590 76 126 
956 301 27 49 
773 232 38 36 
733 400 41 88 
894 305 26 48 
685 392 40 79 
980 269 20 34 
1006 308 29 50 
809 340 38 64 
0 40 515 232 
602 494 46 100 
66 674 101 44 
741 444 36 95 
1037 267 20 31 
823 220 38 36 
946 278 21 35 
987 240 18 27 
1092 257 27 52 
675 319 83 51 
968 230 17 29 
1014 282 19 33 
944 240 17 29 
1048 351 33 66 
1058 326 33 57 
1064 239 22 30 
919 263 22 34 
862 211 23 24 
912 278 21 33 
1015 240 17 28 
83 
892 333 31 62 
399 605 75 111 
165 633 97 80 
704 383 38 75 
819 337 39 61 
982 267 21 34 
478 624 84 91 
1007 305 28 50 
625 476 46 103 
747 395 42 76 
753 435 38 89 
687 315 82 50 
1049 348 29 66 
660 568 64 127 
0 40 514 230 
889 216 38 29 
773 229 39 35 
962 297 26 50 
1037 266 19 30 
1014 281 19 32 
1062 323 27 61 
919 265 21 36 
946 239 17 29 
947 275 20 37 
898 301 28 47 
84 
264 587 84 126 
446 578 79 130 
535 593 77 120 
692 546 57 115 
1011 303 28 49 
653 458 43 99 
776 228 38 34 
724 375 38 70 
983 265 22 33 
897 327 32 61 
761 385 44 69 
1059 319 28 63 
824 330 41 64 
696 309 78 52 
1048 349 26 61 
889 214 38 29 
0 626 70 93 
0 39 512 236 
967 299 24 42 
982 231 18 30 
824 222 37 29 
940 228 15 30 
967 226 15 30 
857 206 22 23 
85 
264 587 84 126 
446 578 79 130 
535 593 77 120 
692 546 57 115 
1011 303 28 49 
653 458 43 99 
776 228 38 34 
724 375 38 70 
983 265 22 33 
897 327 32 61 
761 385 44 69 
1059 319 28 63 
824 330 41 64 
696 309 78 52 
1048 349 26 61 
889 214 38 29 
0 626 70 93 
0 39 512 236 
967 299 24 42 
982 231 18 30 
824 222 37 29 
967 226 15 30 
940 228 15 30 
857 206 22 23 
86 
490 562 69 120 
330 558 77 120 
902 320 30 63 
107 566 105 132 
672 447 42 96 
779 226 36 32 
740 368 34 72 
837 326 33 58 
890 213 36 29 
714 528 59 113 
780 422 36 79 
1011 300 29 48 
983 265 23 32 
0 39 514 237 
1039 258 18 31 
775 376 40 82 
1048 345 25 62 
971 297 23 38 
1059 316 30 63 
982 230 19 30 
966 227 16 30 
940 227 16 32 
577 571 66 111 
953 268 18 38 
706 306 77 47 
826 218 37 30 
928 254 18 35 
938 267 18 35 
87 
388 533 70 114 
524 545 70 112 
907 318 31 60 
233 523 80 122 
690 436 40 88 
889 212 36 28 
737 510 52 110 
778 223 39 33 
716 299 73 52 
955 267 17 40 
613 547 61 108 
789 372 38 70 
1060 311 28 57 
753 362 36 67 
1039 256 18 31 
0 39 513 236 
847 320 31 59 
1047 342 27 60 
1010 297 30 47 
829 218 33 29 
789 410 37 81 
918 293 23 40 
1013 255 17 30 
939 228 18 32 
981 230 20 30 
985 264 21 32 
971 295 23 38 
88 
388 533 70 114 
524 545 70 112 
907 318 31 60 
233 523 80 122 
690 436 40 88 
889 212 36 28 
737 510 52 110 
778 223 39 33 
716 299 73 52 
955 267 17 40 
613 547 61 108 
789 372 38 70 
1060 311 28 57 
753 362 36 67 
1039 256 18 31 
847 320 31 59 
0 39 513 236 
1047 342 27 59 
1010 297 30 47 
829 218 33 29 
918 293 23 40 
789 410 37 81 
1013 255 17 30 
940 228 17 32 
981 230 20 30 
985 264 21 32 
971 295 23 38 
89 
438 514 68 104 
550 531 67 109 
330 493 73 100 
912 315 28 59 
705 424 43 88 
780 223 37 32 
957 266 17 37 
888 212 37 28 
852 316 31 56 
1060 311 28 56 
827 216 35 31 
751 496 54 100 
802 363 38 70 
767 354 33 70 
976 290 23 40 
1045 342 29 57 
799 408 37 75 
0 39 514 237 
1038 256 18 30 
930 254 19 34 
981 228 19 29 
1013 292 25 49 
638 527 59 101 
723 297 71 49 
453 681 95 39 
1013 255 17 28 
723 297 71 49 
960 228 15 30 
90 
915 312 29 56 
403 465 63 93 
860 310 28 59 
810 396 37 81 
583 515 59 104 
958 265 19 37 
813 359 35 67 
782 347 30 66 
720 418 42 81 
483 499 64 92 
0 575 89 134 
888 212 37 26 
665 512 61 99 
1081 348 29 67 
780 220 40 33 
1016 296 25 38 
729 292 72 49 
979 289 23 38 
0 39 513 235 
771 480 43 101 
935 254 19 34 
512 645 93 71 
987 256 19 30 
926 289 24 37 
287 663 94 53 
832 215 28 29 
1059 310 28 55 
982 227 20 29 
91 
915 312 29 56 
403 465 63 93 
860 310 28 59 
810 396 37 81 
583 515 59 104 
958 265 19 37 
813 359 35 67 
782 347 30 66 
720 418 42 81 
483 499 64 92 
0 575 89 134 
888 212 37 27 
665 512 61 99 
1081 348 29 67 
780 220 40 33 
729 292 72 49 
1016 296 25 38 
979 289 23 38 
0 39 513 235 
771 480 43 101 
935 254 19 34 
512 645 93 71 
987 256 19 30 
926 289 24 37 
287 663 94 53 
1059 310 28 55 
832 215 28 29 
982 227 20 29 
92 
0 534 155 164 
737 407 37 80 
959 265 21 34 
886 210 38 27 
866 307 30 54 
1083 345 28 66 
607 504 59 94 
917 308 31 53 
786 464 43 104 
740 288 65 50 
555 625 85 92 
325 628 101 87 
1017 293 24 38 
825 351 38 67 
526 475 54 96 
792 342 32 66 
0 40 512 232 
1094 254 20 33 
1062 255 21 28 
470 432 51 97 
781 220 40 33 
819 394 38 74 
686 497 58 94 
989 254 18 29 
984 283 20 36 
959 226 16 29 
937 255 18 32 
1054 354 31 71 
93 
596 598 76 117 
6 507 201 159 
561 454 49 100 
748 399 39 77 
388 603 83 113 
837 345 32 68 
805 335 31 63 
886 210 38 26 
744 285 69 47 
961 264 21 33 
827 382 36 79 
798 455 40 98 
523 410 43 99 
985 282 20 36 
834 213 25 27 
1017 292 25 33 
1062 255 22 26 
627 489 57 98 
0 40 512 232 
1081 343 30 65 
873 305 30 50 
1093 253 21 32 
1053 345 30 75 
990 253 19 28 
941 254 18 33 
925 306 27 49 
958 226 16 29 
937 284 20 36 
784 215 33 35 
94 
596 598 76 117 
6 507 201 159 
561 454 49 100 
748 399 39 77 
388 603 83 113 
837 345 32 68 
805 335 31 63 
886 210 38 26 
744 285 69 47 
961 264 21 33 
827 382 36 79 
798 455 40 98 
523 410 43 99 
985 282 20 36 
834 213 25 27 
1017 292 25 33 
1062 255 22 26 
627 489 57 98 
0 40 512 232 
873 305 30 50 
1081 343 30 65 
1093 253 21 32 
1053 345 30 75 
990 253 19 28 
941 254 18 33 
925 306 27 49 
937 284 20 36 
958 226 16 29 
784 215 33 35 
95 
436 582 73 128 
635 578 68 124 
566 391 43 94 
813 332 31 60 
762 392 38 78 
810 442 43 95 
985 281 21 37 
878 301 29 51 
592 442 49 91 
927 303 29 51 
752 284 62 45 
1084 339 28 62 
962 263 21 33 
886 209 37 26 
0 39 505 235 
832 212 28 26 
838 380 31 74 
21 491 256 141 
941 282 19 35 
650 470 48 102 
1063 252 22 28 
731 459 47 101 
786 214 32 35 
942 252 20 33 
1018 289 25 35 
842 341 34 59 
1092 250 21 34 
1051 351 30 62 
1013 244 18 30 
700 676 91 41 
96 
668 560 58 115 
620 429 45 87 
97 471 220 138 
854 334 34 64 
469 564 78 118 
822 431 40 92 
774 383 36 74 
605 377 39 81 
931 297 29 52 
883 296 30 51 
1086 336 26 61 
825 327 30 60 
833 210 26 28 
986 280 21 37 
746 454 43 92 
787 214 33 34 
0 38 506 237 
670 459 46 99 
889 205 32 27 
727 646 90 70 
847 373 33 70 
761 280 56 45 
1059 297 29 60 
1063 251 22 27 
965 262 20 32 
1020 282 22 37 
1049 350 30 58 
97 
668 560 58 115 
620 429 45 87 
97 471 220 138 
854 334 34 64 
469 564 78 118 
822 431 40 92 
774 383 36 74 
605 377 39 81 
931 297 29 52 
883 296 30 51 
1086 336 26 61 
825 327 30 60 
833 210 26 28 
986 280 21 37 
746 454 43 92 
787 214 33 34 
0 38 506 237 
670 459 46 99 
889 205 32 27 
727 646 90 70 
847 373 33 70 
761 280 56 45 
1059 297 29 60 
1063 251 22 27 
965 262 20 32 
1020 282 22 37 
1049 350 30 58 
98 
160 451 201 133 
831 417 39 96 
646 415 42 87 
864 331 33 62 
639 364 38 78 
501 548 67 111 
834 322 30 57 
690 548 64 102 
787 375 33 73 
762 441 41 92 
935 295 29 50 
690 452 42 96 
853 369 32 69 
789 211 33 34 
987 277 21 37 
0 38 505 236 
833 210 27 27 
887 294 29 50 
767 277 56 44 
888 205 32 26 
754 624 81 90 
1061 298 28 58 
1021 282 22 37 
1048 352 32 54 
966 258 18 31 
1089 335 27 59 
1065 251 21 27 
99 
196 447 216 107 
707 440 41 96 
799 369 33 72 
534 533 66 110 
781 606 73 108 
861 363 31 68 
713 532 60 101 
668 355 35 70 
775 429 38 89 
667 404 41 82 
788 211 36 32 
938 290 26 51 
0 39 505 234 
771 274 56 43 
840 413 38 82 
989 276 20 37 
894 288 29 50 
887 204 32 27 
871 327 33 58 
1064 241 19 33 
842 319 29 56 
1064 399 180 68 
834 209 26 27 
1008 202 21 28 
1023 280 24 36 
100 
197 447 215 107 
707 440 41 96 
799 369 33 72 
535 533 65 110 
781 606 72 108 
861 363 31 68 
713 532 60 101 
668 355 35 70 
775 429 38 89 
788 211 35 32 
667 404 41 83 
0 39 504 234 
938 290 26 51 
771 274 56 43 
840 413 38 82 
988 276 21 37 
894 289 29 49 
887 204 32 27 
871 327 33 58 
1064 241 19 33 
1064 399 180 68 
842 319 29 56 
834 209 26 27 
1008 202 22 28 
1023 280 24 36 
1059 296 32 55 
101 
692 393 34 81 
785 417 38 88 
880 320 31 60 
257 430 186 107 
690 342 39 70 
848 405 36 79 
809 364 32 66 
556 519 62 105 
852 311 28 59 
801 584 63 131 
941 286 27 50 
719 432 44 92 
0 40 503 232 
788 209 36 32 
883 203 38 27 
1063 239 20 33 
870 361 28 62 
1024 276 24 37 
733 519 59 96 
990 268 22 38 
776 269 55 47 
966 255 19 33 
900 284 26 50 
1036 252 20 32 
988 226 20 29 
102 
709 382 35 81 
856 392 38 84 
716 330 31 68 
736 422 36 90 
818 357 31 68 
860 307 28 56 
286 421 186 93 
796 412 38 81 
584 506 59 102 
888 316 31 62 
825 566 65 125 
0 40 503 231 
1062 236 19 33 
779 267 54 48 
789 208 36 32 
885 202 36 27 
991 266 21 39 
1064 282 26 61 
943 284 30 48 
877 352 27 62 
1088 236 19 36 
964 253 21 35 
1034 225 20 30 
752 506 57 99 
903 282 29 47 
1036 249 20 34 
942 227 20 34 
988 226 20 29 
103 
709 382 35 81 
856 392 38 84 
716 330 31 68 
736 423 36 89 
818 357 31 68 
860 307 28 56 
286 421 186 93 
796 412 38 81 
584 506 59 102 
888 316 31 62 
825 567 64 124 
0 40 503 231 
1062 236 19 33 
779 267 54 48 
789 208 36 32 
885 202 36 27 
991 266 21 39 
1064 283 26 60 
943 284 30 48 
877 352 27 62 
1088 236 19 36 
964 253 21 34 
752 506 57 99 
1034 226 20 29 
1036 249 20 34 
903 282 29 47 
942 227 20 34 
838 206 25 26 
104 
733 323 30 64 
1013 386 187 88 
332 408 171 94 
724 376 36 73 
828 352 30 60 
804 398 37 83 
745 418 41 82 
863 389 37 73 
605 496 54 97 
894 311 31 58 
790 208 36 32 
0 39 504 232 
885 202 33 26 
865 305 29 51 
882 349 27 62 
841 552 56 119 
992 265 20 38 
255 632 93 82 
1060 237 21 32 
789 265 41 45 
948 282 27 47 
910 281 25 41 
1065 281 26 60 
838 205 24 26 
105 
760 406 36 88 
996 385 209 87 
318 602 87 114 
810 394 37 78 
739 368 35 71 
382 395 149 90 
837 345 29 63 
902 307 30 56 
0 39 506 231 
875 299 25 54 
624 483 54 97 
887 346 29 61 
884 201 34 26 
750 315 32 58 
870 381 35 72 
951 278 28 48 
850 537 64 115 
789 207 37 33 
794 262 46 44 
992 264 20 37 
839 204 24 27 
913 278 26 39 
1059 236 20 31 
787 480 45 103 
1027 268 22 38 
1082 234 21 35 
1099 320 25 54 
106 
760 406 36 88 
996 385 209 87 
318 602 87 114 
810 394 37 78 
739 368 35 71 
382 395 149 90 
837 345 29 63 
902 308 30 55 
0 39 506 231 
624 483 55 97 
875 299 25 54 
887 346 29 61 
884 201 34 26 
750 315 32 58 
870 381 35 72 
951 278 28 48 
850 537 64 115 
789 207 37 33 
794 262 46 44 
992 264 20 37 
913 278 26 39 
1059 236 20 31 
839 204 24 27 
787 480 45 103 
1027 268 22 38 
1082 234 21 35 
1099 320 25 54 
107 
977 381 229 83 
755 358 33 71 
768 305 30 63 
404 388 152 84 
877 367 33 78 
882 295 27 53 
845 340 30 61 
374 575 79 117 
771 401 40 78 
956 272 26 52 
817 389 35 69 
0 39 510 233 
909 305 29 56 
883 200 35 27 
801 470 46 105 
789 207 38 31 
868 523 57 106 
994 262 19 38 
917 276 25 38 
797 261 50 41 
893 338 30 66 
645 470 47 103 
1028 263 22 39 
404 678 99 42 
108 
974 378 224 85 
783 395 34 79 
782 297 26 60 
854 335 24 60 
918 301 29 54 
441 378 143 82 
767 351 32 69 
901 333 26 64 
420 553 68 116 
825 375 37 76 
888 294 28 51 
471 640 84 75 
884 366 31 67 
960 268 25 53 
882 199 38 27 
0 38 514 235 
835 203 29 27 
996 261 20 37 
799 258 49 42 
1028 263 24 36 
814 469 50 92 
1055 227 20 35 
921 274 23 40 
660 456 45 107 
1066 268 25 64 
788 202 36 35 
109 
974 378 224 85 
783 395 34 79 
782 297 26 60 
854 335 24 60 
918 301 28 54 
441 378 143 82 
767 351 32 69 
901 333 26 64 
420 553 68 116 
825 375 37 76 
888 294 28 51 
471 640 84 75 
884 366 30 67 
960 268 25 52 
882 199 38 27 
0 38 514 235 
835 203 29 27 
798 258 50 42 
996 261 20 37 
1028 263 24 36 
814 469 50 92 
1055 227 20 35 
921 274 23 40 
660 456 45 107 
788 202 36 35 
1066 268 26 64 
110 
956 379 232 79 
830 370 34 72 
477 367 122 82 
779 344 28 68 
454 532 71 113 
794 292 26 58 
793 386 32 79 
890 365 30 60 
902 333 33 57 
862 331 28 59 
516 615 81 104 
672 457 47 94 
893 290 28 49 
827 456 42 98 
892 500 51 100 
0 38 513 235 
1066 267 26 63 
996 263 20 35 
918 297 30 53 
802 254 50 43 
880 202 35 23 
961 267 26 51 
1078 226 24 38 
1026 262 26 35 
1053 228 21 35 
958 228 18 32 
111 
951 377 214 79 
560 588 72 124 
836 362 34 72 
495 518 62 102 
801 380 34 77 
789 338 28 64 
868 327 29 55 
806 285 26 55 
509 362 115 74 
686 446 45 96 
1066 266 27 64 
0 39 513 232 
911 329 28 56 
808 254 44 42 
879 200 38 24 
901 283 26 52 
839 200 23 27 
900 493 51 98 
958 227 17 33 
1078 225 23 36 
1057 227 20 34 
962 263 27 50 
789 202 39 31 
112 
951 377 214 79 
560 588 72 124 
836 362 34 72 
495 518 62 102 
801 380 34 77 
789 338 28 64 
868 327 29 55 
806 285 26 55 
509 362 115 74 
686 446 45 96 
1066 266 27 64 
0 39 513 232 
808 254 44 42 
911 329 28 56 
879 200 38 24 
901 283 26 52 
839 200 23 27 
900 493 51 98 
958 227 17 33 
1078 225 23 36 
1056 227 21 34 
962 263 27 50 
789 202 39 31 
113 
944 370 205 85 
530 353 109 76 
596 569 68 117 
843 359 31 67 
849 445 43 96 
532 500 54 100 
810 375 32 73 
875 319 25 60 
697 444 48 88 
917 323 26 60 
799 330 29 66 
1066 265 27 62 
1005 252 19 37 
0 39 513 232 
881 199 37 23 
914 479 48 97 
959 225 17 31 
903 350 29 60 
816 281 26 52 
813 251 38 43 
906 282 28 48 
966 263 27 48 
934 290 27 50 
840 200 22 25 
928 265 24 37 
114 
944 368 186 83 
810 324 26 61 
563 343 95 73 
638 544 62 109 
850 348 31 66 
922 465 49 98 
821 368 34 74 
884 316 26 54 
560 482 56 95 
1003 252 19 35 
0 39 510 234 
714 432 44 92 
912 342 29 57 
939 287 27 51 
877 198 40 23 
912 275 26 51 
831 277 21 41 
863 436 41 91 
1066 266 28 59 
795 201 37 32 
841 199 21 25 
379 672 98 46 
959 224 18 29 
1066 228 25 30 
115 
944 368 186 83 
810 324 26 61 
563 343 95 73 
638 544 62 109 
850 348 31 66 
922 465 49 98 
821 368 34 74 
884 316 26 54 
560 482 56 95 
1003 252 19 35 
0 39 510 234 
714 432 44 92 
912 342 29 57 
939 287 27 51 
877 198 40 23 
912 275 26 51 
831 277 21 41 
863 436 41 91 
1066 266 28 59 
795 201 37 32 
841 199 21 25 
379 672 98 46 
959 224 18 29 
1066 228 25 30 
116 
929 368 187 76 
852 344 31 63 
934 456 46 93 
817 319 29 59 
828 362 30 72 
891 312 25 56 
579 337 96 69 
1003 251 18 34 
670 524 56 108 
724 429 46 87 
0 39 510 234 
874 433 39 88 
918 277 23 40 
1065 228 23 30 
1172 507 53 106 
591 465 44 99 
1030 253 22 34 
435 628 89 88 
877 198 38 23 
5 553 241 167 
0 525 242 195 
841 199 19 24 
961 224 18 30 
942 284 28 52 
117 
927 366 175 75 
837 359 28 68 
491 599 75 115 
942 446 46 96 
861 338 30 62 
736 422 43 85 
0 502 298 204 
613 451 46 100 
693 512 53 103 
1003 250 21 34 
0 39 513 233 
1062 228 22 29 
594 336 99 61 
895 308 28 55 
882 431 43 84 
1172 515 53 105 
1031 252 23 32 
602 332 87 67 
846 265 22 41 
824 315 28 56 
208 678 96 39 
625 672 93 48 
796 201 36 30 
919 275 26 39 
118 
927 366 175 75 
837 359 28 68 
491 599 75 115 
942 446 46 96 
861 338 30 62 
736 422 43 85 
0 502 298 204 
613 451 46 100 
693 512 53 103 
1003 250 21 34 
0 39 513 233 
1062 228 22 29 
594 336 99 61 
895 308 28 56 
882 431 43 84 
1172 515 53 105 
1031 252 23 32 
602 332 87 67 
846 265 22 41 
824 315 28 56 
208 678 96 39 
625 672 93 48 
796 201 36 30 
919 275 26 39 
119 
928 363 159 77 
538 569 69 127 
951 442 46 88 
633 444 43 90 
862 330 34 63 
55 485 303 209 
746 419 45 81 
833 307 23 60 
0 39 514 234 
266 649 101 68 
892 421 44 87 
853 259 20 42 
667 645 75 75 
1060 226 23 30 
1003 249 21 33 
617 330 83 55 
902 303 24 54 
1170 521 56 108 
717 496 50 101 
1033 252 22 31 
929 276 23 37 
845 349 27 72 
619 325 83 72 
795 200 38 28 
120 
926 358 152 79 
321 625 91 91 
652 433 42 90 
757 412 44 81 
628 323 88 58 
901 420 41 81 
581 550 57 111 
862 327 41 60 
738 477 43 106 
960 435 45 83 
850 348 30 67 
106 453 310 211 
1166 529 56 112 
682 627 78 89 
0 39 514 234 
837 307 30 52 
1005 242 18 35 
795 199 37 28 
906 300 24 54 
1058 225 25 30 
1032 249 22 33 
940 319 29 57 
859 252 21 43 
978 254 21 37 
954 273 26 52 
121 
926 358 152 79 
321 625 91 91 
652 433 42 90 
757 412 44 81 
628 323 88 58 
901 420 41 81 
581 550 57 111 
862 327 41 60 
738 477 43 106 
960 435 45 83 
850 348 30 67 
106 453 310 211 
1166 529 56 112 
682 627 78 89 
0 39 513 234 
837 307 30 52 
1005 242 18 35 
795 199 37 28 
906 300 24 54 
1058 225 25 30 
1032 249 22 33 
940 319 29 57 
859 252 21 43 
978 254 21 37 
954 273 26 52 
122 
923 355 148 79 
370 600 90 114 
753 466 45 101 
972 424 41 88 
711 606 72 110 
669 424 46 88 
844 300 27 54 
769 406 42 83 
864 248 21 42 
645 310 82 70 
1007 241 18 35 
0 39 512 234 
857 343 29 68 
609 522 55 112 
1166 539 55 111 
911 420 37 76 
939 258 26 52 
955 213 17 29 
866 325 36 60 
958 269 27 52 
913 296 27 51 
72 434 412 187 
795 199 38 27 
981 252 20 37 
1057 226 25 27 
123 
923 353 141 78 
414 576 82 129 
978 421 42 81 
730 584 70 132 
684 418 42 83 
776 399 44 81 
868 245 22 41 
642 508 50 102 
772 456 40 95 
1007 241 18 34 
0 39 512 235 
658 312 84 55 
867 332 26 70 
124 675 118 43 
1167 545 58 117 
942 261 23 41 
1031 242 20 34 
852 294 22 56 
957 213 17 28 
1082 225 23 30 
986 251 18 36 
250 418 260 184 
874 191 32 25 
662 307 80 65 
1062 252 22 28 
963 275 23 39 
916 295 28 49 
840 193 21 24 
1052 224 22 27 
124 
923 353 141 78 
414 576 82 129 
978 421 42 81 
730 584 70 132 
684 418 42 83 
776 399 44 81 
868 245 22 41 
642 508 50 102 
772 456 40 95 
1007 241 18 34 
0 39 512 235 
867 332 26 70 
658 312 84 55 
124 675 118 43 
1167 545 58 117 
942 261 23 41 
1031 242 20 34 
852 294 22 56 
957 213 17 28 
1082 225 23 30 
986 252 18 35 
250 418 260 184 
874 191 32 25 
662 307 80 65 
963 275 23 39 
1062 252 22 28 
916 295 28 49 
1052 224 22 27 
840 193 21 24 
125 
453 555 70 121 
923 349 132 83 
787 396 39 77 
698 407 40 85 
1165 550 59 128 
748 568 66 131 
789 444 37 98 
1031 242 19 34 
199 641 114 75 
873 191 34 25 
1008 240 18 32 
986 412 38 81 
957 213 17 28 
872 242 23 39 
292 399 256 186 
669 488 45 105 
988 251 19 34 
0 38 512 235 
963 275 24 37 
884 310 26 58 
674 305 70 61 
957 302 28 52 
944 259 24 41 
203 391 342 182 
1061 251 22 29 
839 192 22 23 
857 290 23 52 
1080 224 25 32 
923 290 25 51 
872 339 31 57 
126 
492 541 66 111 
770 557 62 121 
259 605 100 110 
295 384 248 175 
960 303 30 51 
1031 242 19 32 
713 398 36 85 
541 634 86 83 
1166 560 60 132 
886 309 27 59 
991 408 41 76 
690 466 40 110 
955 212 20 28 
0 39 510 233 
873 190 34 24 
687 299 69 58 
798 393 36 79 
938 394 34 83 
926 348 111 74 
877 238 20 39 
927 292 23 41 
864 288 24 50 
1007 240 18 31 
798 444 41 84 
989 250 20 33 
877 335 26 57 
1092 294 21 37 
969 269 21 37 
1059 251 23 28 
127 
492 541 67 111 
770 557 62 121 
259 605 100 111 
295 384 248 175 
960 303 30 51 
1031 242 19 32 
713 398 36 85 
541 634 86 83 
1166 560 60 132 
886 310 27 58 
991 408 41 76 
690 466 40 110 
687 299 69 58 
955 212 20 28 
0 39 510 233 
873 190 34 24 
798 393 36 79 
938 394 34 83 
926 348 111 74 
877 238 20 39 
927 292 23 41 
864 289 24 49 
1007 240 18 31 
798 444 41 84 
989 250 20 33 
877 336 26 56 
1092 294 21 37 
969 269 21 37 
1059 251 23 28 
128 
317 587 84 122 
527 522 57 108 
709 456 42 100 
882 322 31 67 
584 607 76 106 
723 393 39 79 
927 347 103 69 
879 237 21 35 
963 299 33 49 
1030 241 21 30 
786 549 61 105 
338 416 93 86 
1164 571 64 138 
0 39 510 232 
930 287 26 41 
806 387 38 77 
1007 240 18 31 
812 436 43 79 
868 286 24 43 
956 210 19 28 
696 296 69 56 
871 189 35 23 
1090 296 22 34 
696 296 69 56 
129 
925 345 101 72 
553 506 59 107 
617 582 63 135 
363 563 78 114 
889 322 27 61 
803 530 53 111 
813 386 38 75 
725 447 41 94 
1163 579 64 136 
735 385 34 79 
1006 395 40 76 
827 423 36 82 
871 188 35 25 
880 233 20 36 
0 39 514 235 
953 253 20 39 
1030 240 21 28 
935 286 25 40 
971 298 31 47 
106 677 105 43 
1006 240 17 32 
954 211 20 27 
3 516 49 156 
130 
925 345 101 72 
553 506 59 107 
617 582 63 135 
363 563 78 114 
889 322 27 61 
803 530 53 111 
813 386 38 75 
725 447 41 94 
1163 578 64 137 
735 385 34 80 
827 423 36 83 
1006 395 40 76 
871 188 35 25 
0 39 515 234 
880 233 20 36 
953 253 20 39 
1030 240 21 28 
935 285 25 41 
971 298 30 47 
106 677 105 43 
954 211 20 27 
1006 240 17 31 
3 516 50 157 
131 
644 561 59 131 
402 543 71 111 
924 342 95 74 
12 505 103 126 
584 494 51 102 
893 320 28 60 
815 518 52 102 
956 253 19 36 
1161 590 70 126 
0 39 513 234 
822 383 39 79 
881 280 21 41 
869 188 38 24 
1028 239 21 27 
410 387 90 86 
741 433 38 94 
881 231 21 33 
989 241 21 30 
747 380 34 77 
717 286 67 55 
940 282 22 41 
974 290 29 50 
1011 384 39 84 
956 210 18 27 
132 
666 539 53 130 
443 527 64 102 
925 339 86 77 
0 488 184 102 
607 482 51 95 
882 227 21 33 
827 505 55 103 
256 604 90 111 
943 280 21 39 
724 282 63 54 
886 276 22 40 
957 251 19 34 
830 380 39 75 
1029 238 19 28 
0 38 506 236 
983 291 28 48 
755 422 36 88 
899 319 26 57 
1059 241 21 30 
851 407 35 80 
955 204 17 28 
990 240 22 31 
439 382 89 78 
1159 600 76 114 
755 372 30 75 
910 297 19 36 
1015 384 41 77 
133 
666 539 53 130 
443 527 64 102 
925 339 86 77 
0 488 184 102 
607 482 51 95 
882 227 21 33 
827 505 55 103 
256 604 90 111 
943 280 21 39 
724 282 63 54 
886 276 22 40 
957 251 19 34 
830 380 39 75 
1029 238 19 28 
0 38 505 237 
983 290 28 49 
755 422 36 88 
899 319 26 57 
1059 241 21 30 
955 204 17 28 
851 407 35 80 
439 381 89 79 
990 240 22 31 
1159 600 76 114 
755 372 30 75 
910 297 19 36 
1015 384 41 77 
134 
38 472 202 85 
689 522 53 126 
476 508 58 107 
314 579 84 129 
881 226 23 29 
920 337 89 75 
464 364 88 84 
764 365 32 77 
839 374 34 75 
765 419 39 82 
836 498 54 92 
630 470 47 94 
0 38 507 236 
891 272 23 42 
988 294 25 39 
947 279 21 36 
958 249 21 33 
956 203 18 29 
735 279 60 53 
1080 224 23 32 
958 280 19 38 
992 241 22 31 
902 315 28 53 
1028 236 19 29 
1059 239 21 29 
1018 378 42 78 
135 
87 453 201 81 
704 511 49 107 
648 455 50 99 
493 361 84 78 
917 332 90 76 
847 372 37 74 
772 359 34 72 
502 498 56 91 
881 223 23 31 
578 343 117 111 
958 276 20 40 
846 479 46 102 
744 273 58 54 
777 407 35 84 
481 629 76 88 
0 38 506 237 
367 555 74 119 
1059 239 20 30 
1157 629 84 84 
1028 229 19 33 
993 241 22 31 
798 190 37 24 
872 396 37 77 
991 289 21 39 
960 248 22 34 
136 
87 453 200 81 
704 511 49 107 
648 455 50 99 
493 361 84 78 
917 332 90 76 
847 372 37 74 
772 359 34 72 
881 223 23 31 
502 498 56 91 
578 343 117 111 
958 276 20 40 
744 273 58 54 
846 479 46 102 
777 407 35 84 
481 629 76 88 
0 38 506 237 
367 555 74 119 
1059 239 20 30 
1157 629 84 84 
1028 229 19 33 
993 241 22 31 
798 190 37 24 
991 289 21 39 
872 396 37 77 
960 248 22 34 
137 
919 330 88 76 
159 438 178 74 
719 499 52 99 
4 578 76 137 
668 445 49 96 
527 603 69 112 
747 269 59 55 
857 368 35 72 
1031 370 40 71 
849 473 56 93 
1153 641 95 74 
407 533 64 118 
778 352 32 75 
1028 227 18 33 
0 39 507 234 
963 240 19 38 
531 479 51 98 
787 397 33 84 
864 186 36 23 
512 352 89 78 
962 273 20 41 
602 346 115 95 
797 187 36 26 
901 267 26 38 
1056 237 20 32 
985 279 20 41 
1081 224 22 32 
930 225 21 32 
138 
7 542 161 162 
221 424 152 70 
556 576 56 134 
788 348 29 68 
541 343 78 73 
914 324 91 79 
964 240 19 35 
736 482 47 105 
690 434 42 97 
860 458 45 98 
449 520 60 103 
906 267 27 37 
879 213 21 31 
797 393 34 81 
1034 368 38 70 
0 39 507 234 
553 465 51 97 
1029 228 19 31 
983 279 19 38 
1150 646 104 70 
990 253 19 34 
989 359 30 76 
754 270 61 47 
962 275 24 36 
265 661 95 55 
798 186 34 24 
1059 258 32 51 
931 225 20 32 
1000 277 24 49 
958 202 19 28 
139 
7 542 161 162 
221 424 152 70 
556 576 57 134 
788 348 29 68 
541 343 78 73 
914 324 91 79 
964 240 19 35 
736 482 47 105 
690 434 42 97 
860 458 45 98 
449 520 60 103 
906 267 27 37 
879 213 21 31 
797 393 34 81 
1034 368 38 70 
0 39 507 234 
553 465 51 97 
1029 228 19 30 
983 279 19 38 
1150 646 104 70 
990 253 19 34 
989 359 30 76 
962 275 25 36 
798 186 34 24 
265 661 95 55 
754 269 61 48 
1059 258 32 51 
931 225 20 32 
1000 277 24 49 
958 201 19 29 
140 
705 427 45 96 
252 413 161 64 
589 555 54 122 
0 505 257 153 
575 454 53 92 
559 335 82 75 
329 621 97 96 
804 383 33 84 
748 463 41 113 
910 323 85 69 
759 265 61 53 
0 40 501 230 
794 342 31 67 
912 264 24 37 
868 447 45 99 
990 364 33 64 
965 239 20 34 
487 502 52 97 
979 277 20 36 
1004 282 22 37 
641 329 102 92 
1035 362 42 67 
862 185 35 23 
1017 228 20 29 
959 269 22 38 
1032 228 19 28 
991 252 19 33 
877 210 22 30 
841 223 34 30 
141 
418 585 78 125 
813 381 35 77 
724 417 43 90 
771 259 55 52 
622 530 48 118 
666 324 92 85 
803 335 27 64 
601 442 48 88 
873 443 45 88 
759 448 47 106 
309 397 140 63 
104 479 218 131 
910 323 76 65 
0 39 501 233 
996 360 33 63 
520 478 52 102 
1042 355 40 71 
915 375 35 71 
579 336 84 59 
1007 280 22 35 
1017 226 21 29 
888 356 30 69 
965 236 22 33 
965 268 24 36 
918 263 22 37 
930 294 22 35 
1057 256 29 51 
993 250 22 32 
142 
418 585 78 126 
813 381 35 77 
724 417 43 90 
771 259 55 52 
622 530 48 118 
666 324 93 85 
803 335 27 64 
601 442 48 88 
873 443 45 88 
759 448 47 106 
309 397 140 63 
910 323 76 65 
104 479 218 131 
0 39 501 233 
996 360 33 63 
1042 355 40 71 
520 478 52 102 
915 375 35 71 
579 336 84 59 
1007 280 22 35 
1017 226 21 29 
888 356 30 69 
965 236 22 33 
965 268 24 36 
918 263 22 37 
1057 256 29 51 
930 293 22 36 
993 250 22 32 
143 
170 464 205 107 
465 558 74 119 
880 430 39 90 
776 256 51 49 
621 430 47 84 
642 519 51 101 
772 438 42 105 
809 330 27 64 
342 387 138 59 
821 374 34 76 
904 321 78 66 
741 409 37 91 
0 38 505 235 
603 324 63 63 
547 466 45 97 
1015 225 22 29 
1008 278 23 32 
1048 349 35 70 
1060 256 29 50 
999 357 31 64 
1096 416 142 66 
936 292 22 35 
897 356 34 69 
1044 229 20 29 
144 
236 445 189 99 
884 422 40 91 
827 369 32 75 
782 431 41 97 
506 532 66 115 
756 407 39 82 
815 328 25 57 
1005 351 31 62 
394 377 110 60 
617 321 67 58 
640 420 45 81 
1051 348 33 66 
658 501 50 99 
571 452 44 95 
903 319 76 65 
0 38 511 237 
1014 224 21 29 
1086 414 143 65 
906 350 32 68 
935 370 34 66 
941 292 21 34 
783 255 47 46 
975 267 23 39 
994 243 20 34 
963 228 19 30 
841 215 34 35 
1079 224 25 29 
145 
235 445 190 99 
884 422 40 90 
827 369 31 75 
782 431 41 97 
506 532 66 115 
756 407 40 82 
815 328 25 57 
1005 351 31 62 
394 377 111 60 
617 321 67 58 
640 420 45 81 
1051 348 33 66 
658 501 50 99 
571 452 44 95 
903 319 76 65 
0 38 510 237 
1014 224 21 29 
1086 414 143 65 
906 350 32 68 
935 370 34 66 
941 292 21 34 
784 255 46 46 
975 267 23 39 
994 243 20 34 
963 228 19 30 
841 215 34 35 
785 254 45 43 
146 
657 411 43 80 
428 367 103 58 
291 426 175 99 
887 417 41 84 
549 514 58 103 
1054 345 32 68 
1009 347 30 64 
1074 411 148 68 
590 442 42 89 
819 321 29 59 
705 305 84 80 
833 366 34 73 
680 484 44 102 
914 349 29 65 
638 312 60 61 
902 315 76 66 
793 417 33 101 
0 38 511 237 
767 399 35 79 
944 363 35 65 
944 293 23 34 
1044 228 20 27 
962 228 19 30 
976 264 22 38 
789 253 43 44 
1012 224 20 28 
1080 225 24 29 
147 
339 415 162 86 
605 429 46 88 
457 357 96 56 
648 308 58 58 
800 414 38 92 
843 361 32 70 
892 411 41 83 
782 392 33 82 
695 469 43 102 
675 399 41 83 
1067 409 147 71 
1055 343 37 64 
585 498 51 95 
718 301 78 77 
1012 346 29 60 
954 359 33 64 
825 316 28 61 
0 39 510 233 
961 226 21 28 
977 263 22 36 
924 347 32 65 
1081 225 23 30 
795 249 44 47 
1011 267 20 38 
898 308 79 68 
1040 227 20 27 
1015 214 19 30 
943 292 29 35 
148 
339 415 162 86 
605 429 46 88 
457 357 96 56 
648 308 58 58 
800 414 38 92 
843 361 32 70 
892 411 41 83 
782 392 33 82 
695 469 43 102 
675 399 41 83 
1067 409 147 71 
1055 343 37 64 
585 498 51 95 
718 301 78 78 
1012 346 29 60 
954 359 33 64 
825 316 28 61 
0 39 510 233 
961 226 21 28 
977 263 22 36 
924 347 32 65 
1081 225 23 30 
1011 267 20 38 
795 249 44 47 
898 308 79 68 
1040 227 20 27 
1015 214 19 30 
943 292 29 35 
149 
710 456 42 99 
690 394 40 78 
480 348 94 57 
808 401 35 98 
624 420 42 80 
389 395 148 89 
1051 404 172 70 
896 407 40 77 
1057 338 36 63 
849 356 30 69 
1014 340 29 60 
832 313 27 56 
897 310 67 63 
799 246 44 47 
963 350 33 70 
663 303 60 54 
0 39 512 235 
612 472 48 102 
719 300 87 71 
960 224 21 29 
794 386 28 79 
1014 267 19 34 
947 289 28 39 
979 263 22 34 
1016 215 19 27 
1082 226 22 31 
150 
708 384 39 77 
454 381 120 86 
903 396 38 80 
676 296 57 57 
724 443 43 94 
1059 332 35 65 
509 339 92 52 
858 351 33 68 
897 306 63 63 
971 350 36 62 
1033 403 179 70 
648 408 37 77 
841 306 26 57 
639 453 46 99 
801 246 46 42 
813 391 38 96 
1016 335 30 59 
0 37 509 239 
1037 226 21 27 
1013 267 21 31 
961 223 21 29 
949 283 29 46 
186 675 94 45 
1080 225 24 31 
1013 215 19 27 
940 340 30 62 
739 285 72 79 
151 
708 384 39 77 
454 381 119 86 
903 396 38 80 
676 296 57 57 
725 443 42 94 
1059 332 35 65 
509 339 92 52 
858 351 33 68 
897 306 63 63 
971 350 36 62 
1033 403 179 70 
648 408 37 77 
841 306 26 57 
639 453 46 99 
801 246 46 42 
813 391 38 96 
1016 335 30 59 
0 37 509 239 
1037 226 21 27 
1013 266 21 32 
961 223 20 29 
949 283 29 46 
186 675 94 45 
1080 225 24 31 
1013 215 19 27 
739 285 72 79 
940 340 30 62 
152 
477 371 122 78 
738 434 40 90 
1024 400 184 71 
661 439 44 98 
905 393 40 74 
863 351 32 63 
532 333 82 48 
723 379 39 77 
661 399 34 69 
982 347 29 61 
821 390 38 85 
688 293 58 56 
1019 332 32 59 
1061 329 34 63 
901 302 58 68 
806 242 44 45 
949 335 29 64 
0 37 509 238 
983 255 19 37 
1012 263 21 33 
953 279 28 47 
844 304 30 52 
258 646 93 70 
1037 225 22 26 
1080 225 25 30 
960 218 21 29 
982 228 19 31 
153 
515 359 105 77 
1016 398 188 72 
738 372 35 74 
911 387 38 72 
699 287 51 54 
553 328 81 43 
750 422 38 91 
829 377 36 90 
681 433 41 85 
1061 326 37 60 
896 300 59 60 
1021 328 32 56 
954 333 29 62 
307 617 90 99 
875 345 27 64 
959 283 24 39 
990 346 28 59 
853 303 27 49 
811 238 40 43 
673 392 37 77 
983 253 20 37 
981 228 19 30 
0 37 509 239 
1080 225 25 31 
1042 254 23 35 
942 250 21 40 
154 
515 359 105 77 
1016 398 188 72 
738 372 35 74 
911 387 38 72 
699 287 51 54 
553 328 81 43 
750 422 38 91 
829 377 36 90 
681 433 41 85 
1061 326 37 60 
896 300 58 60 
1021 328 32 56 
954 333 29 62 
307 617 90 99 
875 345 27 64 
959 283 24 39 
990 346 28 59 
853 303 27 49 
811 238 40 43 
673 392 37 77 
983 253 20 37 
981 228 19 30 
0 37 508 239 
1080 225 25 31 
1042 254 23 35 
942 250 21 40 
155 
1009 395 192 72 
759 416 39 85 
355 595 84 117 
535 346 105 78 
697 422 41 80 
833 377 34 83 
1063 321 34 62 
0 502 73 130 
706 284 51 52 
685 384 31 78 
749 366 35 73 
1024 324 27 58 
963 279 22 40 
900 295 52 69 
859 295 27 52 
916 382 40 73 
574 322 69 39 
996 339 28 59 
960 333 30 57 
979 227 19 30 
882 335 27 69 
985 254 20 35 
0 37 515 239 
766 279 62 69 
941 249 23 38 
960 214 20 29 
813 236 39 42 
1080 226 24 30 
1042 253 25 33 
156 
1001 391 183 75 
567 339 90 75 
763 361 34 69 
714 407 36 84 
3 497 110 98 
397 576 77 127 
771 407 36 82 
1000 336 30 58 
962 327 31 60 
923 375 37 72 
966 278 21 39 
888 336 27 63 
584 315 75 40 
719 277 50 52 
848 359 39 69 
1026 323 28 53 
1 575 89 134 
773 274 58 70 
961 214 19 29 
840 381 33 71 
902 293 50 70 
0 38 519 239 
1065 321 30 55 
814 235 41 39 
863 292 27 49 
981 227 19 29 
987 254 19 31 
157 
1001 391 183 75 
567 339 90 75 
763 361 34 69 
714 407 36 84 
3 497 110 98 
397 576 77 127 
771 407 36 82 
1000 336 30 58 
962 327 31 60 
923 375 37 72 
966 278 21 39 
887 336 28 63 
584 315 75 40 
719 277 50 52 
848 359 39 69 
1026 323 28 53 
1 575 89 134 
773 274 58 70 
961 214 19 29 
840 381 33 71 
902 293 50 70 
0 38 519 239 
1065 321 30 55 
814 235 41 40 
863 292 27 49 
981 227 19 29 
987 254 19 31 
158 
4 544 162 158 
438 556 71 118 
726 272 48 56 
587 330 88 76 
999 390 177 74 
929 371 34 69 
779 398 37 82 
710 371 32 73 
856 355 36 72 
967 326 31 57 
726 402 37 75 
967 274 22 42 
1007 335 27 55 
0 484 164 92 
773 355 34 68 
900 336 27 59 
820 233 39 42 
899 293 56 67 
869 289 26 49 
0 39 514 237 
782 267 55 70 
289 632 87 85 
598 311 71 36 
1064 315 34 54 
844 376 31 64 
159 
0 523 226 139 
609 316 79 81 
791 394 34 75 
989 392 172 70 
479 542 61 111 
788 350 29 66 
933 368 38 68 
743 383 30 87 
787 268 57 65 
333 606 90 107 
730 272 48 48 
823 231 37 43 
973 322 28 56 
857 353 35 81 
1011 325 29 61 
0 39 515 236 
961 215 19 26 
4 468 198 73 
968 271 23 42 
907 326 30 63 
722 364 28 70 
898 293 57 59 
1068 310 33 57 
850 367 30 71 
160 
0 523 226 139 
609 316 79 81 
791 394 34 75 
479 541 61 112 
989 392 172 70 
788 350 29 66 
933 368 38 68 
743 383 30 87 
787 268 57 65 
332 606 91 107 
823 231 37 43 
730 272 47 48 
973 322 28 56 
857 353 35 82 
1011 325 29 61 
0 39 514 236 
961 215 19 27 
4 468 199 73 
968 271 23 42 
905 331 30 60 
722 363 28 71 
898 293 57 59 
1068 310 33 57 
850 367 30 71 
161 
383 582 78 133 
980 390 168 68 
51 508 222 112 
23 458 203 87 
792 261 52 70 
501 527 70 103 
875 347 34 66 
753 385 32 70 
938 365 39 61 
734 356 29 73 
800 387 34 71 
624 316 78 69 
854 363 32 65 
913 326 27 59 
797 346 34 65 
743 267 47 51 
1014 326 31 57 
0 39 510 236 
1070 309 29 55 
975 314 31 58 
964 214 17 28 
162 
59 443 210 87 
980 386 155 71 
121 487 199 108 
537 513 61 104 
766 373 32 76 
859 356 30 69 
806 383 37 68 
794 259 57 67 
946 360 34 65 
885 343 31 67 
641 305 73 74 
422 564 70 126 
809 341 28 57 
749 263 46 50 
897 285 53 57 
742 357 35 63 
920 326 27 55 
0 38 511 238 
978 314 28 56 
1070 308 32 54 
774 685 92 35 
828 229 33 35 
163 
59 443 210 87 
980 386 155 71 
121 487 199 108 
537 513 61 104 
766 373 32 76 
859 356 30 69 
806 384 37 67 
794 260 57 66 
946 361 34 64 
885 343 31 67 
641 305 73 74 
422 564 70 126 
809 341 28 57 
749 263 45 50 
897 285 53 57 
742 357 35 63 
920 326 27 55 
0 38 511 238 
978 314 28 56 
1070 308 32 54 
774 685 92 35 
828 229 33 35 
164 
105 434 199 85 
169 475 198 95 
978 384 150 73 
818 373 32 71 
776 371 33 66 
756 258 43 51 
862 349 32 69 
754 345 30 70 
818 336 30 62 
897 280 53 60 
454 543 63 124 
806 255 51 64 
955 354 34 63 
652 310 79 58 
566 500 54 101 
891 338 34 66 
0 39 513 236 
784 673 85 45 
461 688 88 31 
1070 305 34 56 
983 314 27 53 
165 
148 426 177 81 
977 381 146 74 
226 458 182 91 
788 363 31 65 
959 352 33 60 
900 336 31 59 
825 332 32 62 
867 349 35 63 
898 277 54 62 
823 373 33 61 
486 530 62 114 
587 491 56 98 
762 257 44 46 
763 344 33 62 
809 253 57 61 
665 292 71 70 
0 38 513 239 
1074 304 31 51 
163 684 97 36 
796 654 71 66 
985 311 27 53 
1026 312 29 56 
166 
148 426 177 81 
977 381 146 74 
226 458 182 91 
788 363 31 65 
959 352 33 60 
900 336 31 59 
867 349 35 63 
824 332 33 62 
898 277 54 62 
823 373 33 61 
486 530 62 114 
587 490 56 99 
762 257 44 46 
763 344 33 62 
809 253 57 61 
665 292 71 70 
0 39 514 238 
1074 304 31 51 
163 684 97 36 
796 654 71 66 
985 311 27 53 
1026 312 29 56 
167 
183 417 175 81 
833 359 32 71 
909 333 26 58 
815 254 52 60 
974 380 134 73 
280 446 164 84 
1077 300 28 55 
966 349 30 60 
571 631 81 84 
875 343 29 64 
898 276 53 60 
678 298 67 57 
775 334 27 69 
771 254 40 48 
798 357 31 65 
606 478 54 99 
838 328 28 58 
235 646 98 72 
940 313 25 56 
0 38 514 238 
808 641 78 75 
516 516 56 110 
1030 309 28 57 
168 
213 407 176 83 
811 349 27 62 
882 335 27 66 
842 358 28 64 
612 606 84 107 
327 431 141 85 
818 251 50 58 
783 331 29 62 
283 620 100 96 
691 293 67 55 
1079 297 26 54 
626 466 50 97 
972 374 128 75 
899 270 47 64 
914 328 28 60 
820 630 69 83 
846 321 25 60 
0 38 512 239 
775 253 42 43 
2 547 82 141 
946 310 24 57 
983 262 22 35 
1081 226 23 30 
538 498 51 106 
169 
213 407 176 83 
811 349 27 62 
882 335 27 66 
842 358 29 64 
612 606 84 107 
327 431 141 85 
818 251 50 58 
783 331 29 62 
283 620 101 96 
691 293 67 55 
1079 297 26 54 
626 466 50 97 
972 374 128 75 
914 328 28 60 
899 270 47 64 
820 630 69 83 
846 321 25 60 
0 38 512 239 
2 547 82 141 
775 253 42 43 
946 310 24 57 
983 262 22 35 
1081 226 23 30 
538 498 51 106 
170 
245 399 165 79 
649 586 68 125 
886 336 28 58 
333 601 99 108 
647 456 45 98 
702 286 62 56 
970 373 118 72 
343 422 163 75 
899 270 46 61 
793 329 28 58 
851 319 31 61 
821 344 27 63 
920 327 27 57 
831 619 61 98 
849 356 30 56 
559 484 50 108 
1079 294 29 53 
824 253 52 50 
1033 298 30 60 
989 299 27 55 
781 251 40 42 
0 39 509 237 
974 340 35 45 
1081 226 23 31 
171 
684 565 64 121 
279 388 148 85 
832 335 25 64 
969 369 112 73 
388 575 80 116 
899 269 44 60 
925 322 28 57 
711 284 65 54 
1035 294 29 62 
803 318 25 65 
859 348 28 59 
830 244 47 56 
894 331 26 62 
393 409 138 75 
663 445 48 98 
956 302 26 55 
582 470 46 101 
0 493 191 155 
0 39 509 237 
1101 381 55 72 
785 246 38 43 
1081 225 23 31 
1080 294 30 51 
665 209 39 32 
991 296 29 52 
172 
684 565 64 121 
279 388 148 85 
832 335 25 64 
968 369 113 73 
388 575 80 116 
899 269 44 60 
925 322 28 57 
711 284 65 54 
1035 294 29 62 
803 318 25 65 
859 348 28 59 
830 244 47 56 
894 331 26 62 
393 409 138 75 
663 445 48 98 
956 302 26 55 
582 470 46 101 
0 39 509 237 
0 493 191 155 
785 246 38 43 
1081 225 23 31 
1101 381 55 72 
1080 294 30 51 
665 209 39 32 
991 296 29 52 
173 
300 387 144 73 
435 555 66 117 
710 545 68 112 
898 268 46 58 
680 439 46 94 
840 333 26 58 
1037 293 28 61 
900 323 27 62 
719 279 62 54 
835 239 46 58 
21 474 236 136 
959 300 26 54 
965 369 114 69 
845 595 59 122 
866 345 26 61 
416 393 139 79 
929 321 27 54 
0 38 505 239 
988 256 20 35 
812 320 28 54 
1080 290 29 52 
1082 225 21 32 
162 678 104 40 
956 227 18 34 
600 459 44 96 
663 209 37 33 
1098 377 49 70 
325 682 108 37 
984 330 33 47 
174 
697 431 43 94 
469 537 68 109 
896 266 48 57 
851 588 58 129 
731 275 55 51 
739 529 58 110 
332 382 134 70 
819 313 27 58 
905 324 26 54 
837 242 51 54 
962 367 108 69 
935 315 25 55 
229 642 110 73 
0 37 503 241 
874 339 26 57 
447 388 134 70 
990 256 19 33 
76 470 224 104 
1091 377 46 67 
618 446 48 95 
847 324 25 61 
661 211 34 34 
1083 288 27 52 
1082 226 21 30 
388 651 97 69 
991 336 27 35 
175 
697 431 43 94 
469 537 68 109 
896 266 48 57 
851 588 58 129 
731 275 55 51 
739 530 58 109 
332 382 134 70 
819 313 27 58 
905 324 26 54 
837 242 51 54 
962 367 108 69 
935 315 25 55 
229 642 110 73 
0 37 503 241 
874 339 26 57 
447 388 134 70 
990 256 19 33 
76 470 224 104 
1091 377 46 67 
618 445 48 97 
847 324 25 61 
1083 288 27 52 
661 211 34 34 
1082 226 21 30 
388 651 97 69 
991 336 27 35 
176 
346 372 143 71 
842 239 44 54 
500 520 67 108 
743 271 52 54 
859 320 23 62 
139 449 218 113 
894 265 48 55 
829 305 23 63 
428 630 96 84 
911 320 23 56 
714 422 41 94 
939 310 23 58 
764 513 55 103 
959 366 98 68 
883 335 24 57 
632 434 44 93 
0 39 504 237 
298 610 84 101 
990 253 20 33 
1084 284 26 53 
956 224 21 32 
478 371 122 78 
1040 284 32 61 
657 213 36 34 
859 573 57 138 
1082 227 21 29 
1087 373 44 68 
838 210 29 34 
721 258 44 44 
177 
727 417 42 93 
356 586 82 124 
480 609 81 105 
746 269 56 49 
535 509 59 100 
188 437 196 106 
845 238 42 52 
382 367 115 72 
943 308 26 56 
647 426 42 93 
958 362 90 70 
791 500 51 97 
837 307 27 52 
916 315 25 57 
1080 369 43 68 
867 319 24 56 
0 37 506 238 
510 370 109 63 
990 251 21 33 
1082 226 21 30 
956 224 21 31 
837 209 31 32 
897 263 41 52 
1039 285 35 59 
1083 283 29 51 
653 215 36 34 
893 326 22 59 
178 
727 417 42 93 
356 586 82 124 
480 609 81 105 
746 268 56 50 
535 509 59 100 
188 437 196 106 
845 238 42 52 
382 367 115 72 
943 308 26 56 
647 426 42 93 
958 362 90 70 
791 500 51 97 
837 307 27 52 
916 315 25 57 
1080 369 43 68 
0 37 506 238 
867 319 24 56 
510 370 109 63 
1082 226 21 30 
990 251 21 33 
956 224 21 31 
837 209 31 32 
897 263 41 52 
1039 285 35 59 
1083 283 29 51 
653 215 35 34 
893 326 22 59 
179 
518 587 73 122 
754 262 53 51 
401 573 78 115 
662 416 41 87 
406 367 109 60 
852 230 38 56 
242 427 182 94 
1078 365 38 65 
956 359 87 71 
534 366 99 60 
806 488 53 99 
0 38 505 236 
742 410 44 89 
894 263 46 52 
914 315 28 51 
556 494 64 96 
843 304 27 52 
1082 227 21 29 
528 362 112 66 
802 234 40 39 
837 209 32 30 
180 
754 407 42 86 
284 417 172 94 
543 571 77 114 
444 553 74 118 
674 407 41 87 
768 262 44 47 
854 229 40 53 
428 354 106 63 
0 38 509 236 
591 483 53 94 
1082 226 21 30 
878 551 55 120 
950 301 24 55 
15 679 90 41 
827 471 48 100 
853 297 23 55 
553 355 97 60 
884 309 23 54 
1072 361 38 64 
895 259 45 54 
955 222 23 30 
744 254 28 33 
803 233 39 39 
927 309 22 55 
947 365 92 53 
836 209 32 28 
181 
754 407 42 86 
284 417 172 94 
543 571 77 114 
444 553 74 118 
674 407 41 87 
768 262 44 47 
854 229 40 53 
428 354 106 63 
0 38 509 236 
591 483 53 94 
1082 226 21 30 
878 551 55 120 
950 301 24 55 
15 679 90 41 
827 471 48 100 
853 297 23 55 
553 355 97 60 
884 309 23 54 
1072 361 38 64 
895 259 45 54 
955 222 23 30 
744 254 28 33 
803 233 39 39 
927 309 22 55 
947 365 92 53 
836 209 32 28 
182 
484 536 68 110 
857 228 39 52 
772 259 44 44 
686 395 41 89 
330 404 157 90 
767 401 44 85 
449 350 98 63 
887 548 53 106 
844 458 47 100 
896 256 41 54 
569 347 98 62 
1082 226 21 30 
0 39 509 234 
1068 356 37 68 
951 297 24 55 
1006 315 31 53 
582 552 66 107 
859 296 27 49 
937 237 20 39 
611 466 49 96 
955 216 19 33 
639 219 44 40 
948 351 82 76 
106 645 105 69 
993 243 20 33 
745 250 41 37 
890 308 26 51 
183 
780 396 41 82 
698 392 39 81 
462 348 98 59 
517 523 66 102 
1009 311 28 54 
860 229 37 46 
604 532 66 113 
941 239 18 36 
633 455 49 93 
178 612 98 99 
953 296 27 51 
778 256 45 44 
592 344 87 53 
0 38 509 236 
1082 226 21 29 
859 443 48 104 
895 302 26 51 
893 541 51 101 
956 216 19 31 
895 256 42 50 
359 394 150 87 
863 292 26 49 
919 313 27 55 
554 621 80 95 
1068 353 35 63 
751 246 36 38 
809 229 34 34 
993 243 23 33 
184 
780 396 41 82 
698 392 39 81 
462 348 98 59 
517 523 66 103 
1009 311 28 54 
860 229 37 46 
604 532 66 113 
941 239 18 36 
633 455 49 93 
178 612 98 99 
953 296 27 51 
593 344 86 53 
778 256 45 44 
0 38 509 236 
1082 226 21 29 
859 443 48 104 
893 541 51 101 
895 302 26 51 
956 216 19 31 
895 256 42 50 
359 394 150 87 
919 313 27 55 
863 292 26 49 
554 621 80 95 
1068 353 35 63 
751 246 36 38 
809 229 34 34 
993 243 23 33 
185 
710 381 37 84 
551 508 62 103 
793 392 42 79 
236 592 88 120 
607 337 87 55 
781 250 45 46 
653 445 49 90 
877 441 45 92 
1010 308 29 52 
862 229 36 43 
636 523 59 103 
943 238 17 36 
478 340 98 61 
899 532 48 103 
1062 350 38 63 
893 253 42 51 
396 385 142 80 
941 340 80 78 
1082 226 22 29 
0 39 513 235 
586 602 82 112 
928 313 24 51 
957 216 19 30 
287 652 101 68 
871 288 27 48 
905 302 20 42 
1084 281 27 33 
839 201 28 31 
982 281 20 36 
957 295 26 49 
1048 273 28 53 
186 
316 560 74 118 
807 386 41 77 
902 523 53 100 
678 434 47 85 
498 334 96 55 
1060 343 36 67 
665 506 56 102 
357 616 91 103 
583 493 60 98 
451 371 114 83 
628 328 83 53 
883 289 22 40 
724 373 36 80 
1014 304 30 51 
895 251 39 46 
790 251 40 41 
0 39 514 234 
894 419 43 98 
964 294 21 42 
637 649 65 69 
936 315 21 42 
941 339 74 71 
912 301 22 38 
945 238 18 33 
1081 227 23 28 
634 579 67 109 
953 215 22 29 
813 227 34 30 
1084 278 25 34 
187 
316 560 74 118 
807 386 41 77 
902 523 53 100 
678 434 47 85 
498 334 96 55 
1060 343 36 67 
665 506 56 102 
357 616 91 103 
583 493 60 98 
451 371 114 83 
628 328 83 53 
883 289 22 40 
724 373 36 80 
1014 304 30 51 
895 251 39 46 
790 251 40 41 
0 39 513 234 
894 419 43 98 
964 294 21 42 
637 649 65 69 
936 315 21 42 
941 339 74 71 
912 301 22 38 
945 238 18 33 
1081 227 23 28 
634 579 67 109 
953 215 22 29 
813 227 34 30 
1084 278 25 34 
188 
412 590 80 122 
369 535 61 117 
734 368 33 76 
821 381 38 77 
797 246 39 43 
516 331 86 49 
696 427 45 81 
1015 304 29 49 
908 419 40 87 
643 326 78 48 
0 40 507 235 
967 292 20 38 
1056 341 35 61 
656 561 62 112 
907 517 51 98 
937 340 77 67 
608 482 58 94 
895 252 38 43 
472 361 104 79 
918 294 21 40 
688 496 53 93 
1081 227 23 28 
890 286 22 40 
189 
406 522 60 103 
455 568 67 117 
741 363 36 70 
829 379 40 75 
1054 337 32 63 
498 354 105 82 
713 418 42 82 
681 603 66 109 
799 244 42 41 
657 317 77 49 
0 40 506 235 
968 290 22 38 
937 343 67 55 
1016 303 30 47 
524 324 94 52 
870 220 38 43 
912 507 55 103 
893 281 23 41 
706 483 54 90 
920 409 40 84 
894 254 40 38 
765 236 36 33 
945 311 24 38 
190 
406 522 60 103 
455 568 67 117 
741 363 36 70 
1054 337 32 63 
829 379 40 75 
497 354 107 82 
713 418 42 82 
681 603 66 109 
799 244 42 41 
657 317 77 48 
968 290 22 38 
0 40 508 234 
937 343 67 55 
1016 303 31 47 
524 324 93 52 
912 507 55 103 
893 282 23 40 
870 220 38 43 
706 483 54 90 
894 254 41 38 
920 409 40 84 
765 236 36 33 
945 311 24 38 
633 467 52 96 
191 
496 550 63 108 
751 356 32 70 
446 505 53 106 
731 410 40 82 
673 313 67 49 
701 583 55 118 
932 340 67 57 
546 323 80 40 
804 240 41 40 
894 250 43 41 
843 374 39 72 
519 350 96 79 
0 40 507 232 
1050 332 32 64 
655 453 52 99 
873 218 38 42 
933 290 23 36 
968 291 22 35 
897 280 24 37 
1017 300 30 47 
192 
853 369 35 73 
482 488 53 100 
762 348 27 71 
751 459 45 93 
540 339 88 74 
746 405 42 80 
673 447 55 94 
929 338 69 57 
811 236 37 41 
534 529 63 113 
679 634 70 82 
558 318 80 41 
890 246 46 45 
903 277 21 37 
872 216 36 43 
0 40 509 233 
682 310 71 46 
925 493 45 108 
733 510 47 102 
838 200 31 25 
955 308 22 33 
1080 226 23 28 
954 230 16 30 
1021 297 29 47 
193 
853 369 35 73 
482 488 53 100 
762 348 27 71 
750 459 46 93 
540 339 88 74 
746 405 42 79 
673 447 55 94 
929 338 69 57 
811 236 37 41 
534 529 63 113 
679 634 70 82 
558 318 80 41 
890 246 46 45 
903 277 21 37 
872 216 36 43 
0 40 509 233 
682 310 71 46 
925 493 45 108 
733 510 47 102 
838 200 31 25 
955 308 22 33 
1080 226 23 28 
954 230 16 30 
1021 297 29 47 
194 
765 393 39 79 
697 302 63 47 
769 343 32 69 
700 434 48 93 
572 512 57 103 
772 446 43 93 
775 228 35 34 
814 235 38 37 
1047 326 30 56 
924 333 67 57 
954 228 19 30 
457 605 81 111 
0 40 508 232 
520 468 49 103 
866 365 34 67 
756 497 44 95 
565 343 85 54 
889 243 48 44 
962 306 22 35 
838 199 31 25 
942 274 29 48 
952 384 39 79 
874 214 34 37 
195 
740 592 54 121 
551 454 53 96 
924 330 63 54 
501 579 72 129 
782 332 24 67 
784 384 36 82 
720 430 48 85 
819 232 39 38 
779 224 35 33 
708 296 65 47 
879 360 34 68 
771 484 49 91 
955 226 19 28 
1044 321 30 55 
793 435 44 87 
582 310 81 37 
912 268 22 39 
0 39 510 235 
602 497 53 93 
967 373 39 78 
889 241 38 39 
937 475 40 112 
590 335 67 61 
1027 294 22 39 
204 673 102 45 
755 527 47 97 
966 303 22 35 
196 
740 592 54 121 
551 454 53 96 
924 330 63 54 
501 579 72 129 
782 332 24 67 
784 384 36 82 
720 430 48 85 
820 232 38 38 
779 224 35 33 
708 296 65 47 
879 360 33 68 
955 226 19 28 
771 484 49 91 
1044 321 30 55 
793 435 44 87 
582 310 81 37 
912 268 22 39 
0 39 510 235 
602 497 53 93 
967 373 39 78 
889 241 38 39 
937 475 40 112 
590 335 67 61 
1027 294 22 39 
204 673 102 45 
755 527 47 96 
966 303 22 35 
197 
538 562 65 118 
581 441 47 94 
786 331 29 63 
795 380 40 78 
921 328 62 55 
802 433 47 82 
604 329 83 54 
736 423 46 79 
756 564 49 139 
721 290 58 46 
916 266 22 37 
780 223 35 31 
971 371 41 71 
633 471 45 102 
887 358 35 64 
594 306 75 40 
1041 318 30 52 
822 232 37 36 
955 225 19 27 
639 378 94 97 
889 239 35 41 
259 638 97 76 
0 39 510 237 
941 477 42 104 
969 295 21 35 
198 
609 428 46 91 
812 374 36 74 
918 325 59 54 
792 324 29 63 
755 410 45 83 
825 417 36 90 
99 624 112 92 
1039 316 30 51 
624 322 86 58 
609 301 77 44 
943 469 43 106 
661 460 44 96 
918 264 24 35 
778 551 48 122 
783 223 35 30 
983 363 36 72 
0 40 509 232 
327 601 83 115 
577 541 57 109 
826 226 36 35 
802 459 40 94 
889 238 37 41 
978 293 19 34 
900 350 32 66 
955 217 16 31 
728 284 60 44 
728 284 60 44 
876 208 42 36 
199 
609 428 46 91 
812 374 36 74 
918 325 59 54 
792 324 29 63 
755 410 45 83 
825 417 36 90 
99 624 112 92 
1039 316 30 51 
624 322 86 58 
943 469 43 106 
609 301 77 44 
661 460 44 96 
778 551 48 122 
918 264 24 35 
783 223 35 30 
983 363 36 72 
0 41 509 231 
327 602 83 114 
577 541 58 109 
826 226 36 35 
802 459 40 94 
889 238 37 41 
978 293 19 34 
900 350 32 66 
955 217 16 31 
728 284 60 44 
876 208 42 36 
200 
178 596 98 117 
374 584 81 124 
633 421 43 85 
823 367 37 76 
619 298 54 45 
917 321 59 56 
771 407 42 76 
800 318 27 61 
682 447 42 96 
602 525 55 103 
1038 312 28 52 
945 470 43 100 
484 639 84 80 
836 413 42 81 
0 40 509 232 
790 540 46 113 
908 345 30 68 
987 358 36 68 
828 225 38 33 
889 236 37 40 
638 318 77 50 
919 262 26 35 
957 216 15 30 
811 451 42 88 
787 222 33 30 
680 365 85 84 
736 283 58 44 
680 365 85 84 
878 209 38 33 
201 
243 567 83 119 
416 561 76 124 
518 618 79 101 
846 405 43 82 
783 397 40 79 
650 409 45 86 
837 362 32 72 
650 312 83 54 
0 628 77 90 
946 466 46 100 
624 508 49 106 
0 40 509 230 
955 214 18 31 
1036 308 28 53 
806 317 26 55 
827 221 39 33 
748 278 50 44 
888 234 38 40 
699 441 42 91 
804 528 37 120 
912 319 61 50 
986 281 20 35 
877 207 40 31 
328 653 92 65 
202 
243 567 83 119 
416 561 76 124 
518 618 79 101 
846 405 43 82 
783 397 40 79 
650 409 45 86 
837 362 32 72 
650 312 83 54 
0 628 77 90 
947 466 44 100 
624 508 49 106 
0 40 510 230 
955 214 18 31 
1036 308 28 53 
806 317 26 55 
827 221 39 33 
748 278 50 44 
888 234 38 40 
699 441 42 91 
804 528 37 120 
912 319 61 50 
986 281 20 35 
877 207 40 31 
328 653 92 65 
